Normal
2023”N10ŒŽ31“ú,Time,ƒ¢Time,Xpos,Zpos,Velocity,RotateY,Hitting,InputValue,AcceInput,SteeringInput,BrakeInput,Moving Cars,dX,dZ,Distance,Moving Bicycles,dX,dZ,Distance
14:08:28,0.3733,0.3333,-1.5000,0.0914,1.7503,-0.0025,False,,0.0000,0.0000,0.0000,,3.0001,189.2467,189.2705,,-0.8649,96.6533,96.6571
14:08:29,0.5518,0.1784,-1.5000,0.2034,2.6251,-0.0034,False,,0.0000,0.0004,0.0000,,3.0001,186.1348,186.1590,,-0.8649,96.8439,96.8478
14:08:29,0.6362,0.0844,-1.5000,0.2672,3.0137,-0.0014,False,,0.0000,0.0004,0.0000,,3.0000,184.7377,184.7621,,-0.8650,96.9526,96.9565
14:08:29,0.6882,0.0520,-1.5000,0.3207,3.2983,-0.0042,False,,0.0000,0.0004,0.0000,,3.0001,183.6842,183.7087,,-0.8649,97.0437,97.0476
14:08:29,0.7381,0.0500,-1.4999,0.3590,3.4921,-0.0038,False,,0.0000,0.0004,0.0000,,3.0001,182.9793,183.0039,,-0.8649,97.1092,97.1130
14:08:29,0.7807,0.0426,-1.4999,0.4206,3.7957,-0.0027,False,,0.0000,0.0004,0.0000,,3.0000,181.9177,181.9425,,-0.8650,97.2140,97.2178
14:08:29,0.8206,0.0400,-1.4999,0.4644,3.9905,-0.0023,False,,0.0000,0.0004,0.0000,,3.0000,181.2073,181.2321,,-0.8650,97.2883,97.2922
14:08:29,0.8572,0.0366,-1.4999,0.4871,4.0851,-0.0021,False,,0.0000,0.0004,0.0000,,3.0000,180.8512,180.8761,,-0.8650,97.3267,97.3306
14:08:29,0.8934,0.0362,-1.4999,0.5341,4.2766,-0.0017,False,,0.0000,0.0004,0.0000,,3.0000,180.1376,180.1626,,-0.8650,97.4063,97.4101
14:08:29,0.9303,0.0369,-1.4999,0.5832,4.4675,-0.0012,False,,0.0000,0.0004,0.0000,,3.0000,179.4218,179.4469,,-0.8651,97.4891,97.4929
14:08:29,0.9665,0.0361,-1.4999,0.6344,4.6581,-0.0007,False,,0.0000,0.0004,0.0000,,2.9999,178.7039,178.7291,,-0.8651,97.5750,97.5789
14:08:29,1.0022,0.0358,-1.4999,0.6877,4.8486,-0.0002,False,,0.0000,0.0004,0.0000,,2.9999,177.9839,178.0092,,-0.8651,97.6647,97.6685
14:08:29,1.0409,0.0387,-1.4999,0.7432,5.0389,0.0003,False,,0.0000,0.0004,0.0000,,2.9999,177.2618,177.2872,,-0.8651,97.7575,97.7614
14:08:29,1.0801,0.0392,-1.4999,0.7996,5.0808,0.0009,False,,0.1002,0.0004,0.0000,,2.9998,176.5388,176.5643,,-0.8652,97.8551,97.8589
14:08:29,1.1200,0.0399,-1.4999,0.8280,5.1158,0.0012,False,,0.2031,0.0004,0.0000,,2.9998,176.1770,176.2026,,-0.8652,97.9056,97.9094
14:08:29,1.1583,0.0383,-1.4998,0.8858,5.2299,0.0017,False,,0.3110,0.0004,0.0000,,2.9998,175.4526,175.4782,,-0.8652,98.0092,98.0130
14:08:29,1.1951,0.0368,-1.4998,0.9452,5.3869,0.0023,False,,0.4237,0.0004,0.0000,,2.9997,174.7265,174.7523,,-0.8653,98.1172,98.1211
14:08:29,1.2335,0.0383,-1.4998,1.0066,5.5745,0.0029,False,,0.5000,0.0004,0.0000,,2.9997,173.9985,174.0243,,-0.8653,98.2285,98.2323
14:08:29,1.2718,0.0384,-1.4998,1.0703,5.7793,0.0035,False,,0.5420,0.0004,0.0000,,2.9996,173.2682,173.2941,,-0.8654,98.3416,98.3454
14:08:29,1.3101,0.0382,-1.4998,1.1364,6.0099,0.0041,False,,0.6106,0.0004,0.0000,,2.9996,172.5354,172.5615,,-0.8654,98.4586,98.4624
14:08:29,1.3470,0.0369,-1.4997,1.2052,6.2531,0.0048,False,,0.6400,0.0004,0.0000,,2.9995,171.7999,171.8261,,-0.8655,98.5779,98.5817
14:08:29,1.3835,0.0365,-1.4997,1.2768,6.5058,0.0055,False,,0.6645,0.0004,0.0000,,2.9995,171.0617,171.0880,,-0.8655,98.7001,98.7039
14:08:29,1.4196,0.0361,-1.4997,1.3136,6.6348,0.0059,False,,0.6792,0.0004,0.0000,,2.9995,170.6915,170.7179,,-0.8655,98.7621,98.7659
14:08:30,1.4559,0.0362,-1.4997,1.3895,6.8937,0.0066,False,,0.6792,0.0004,0.0000,,2.9994,169.9490,169.9754,,-0.8656,98.8880,98.8918
14:08:30,1.4931,0.0372,-1.4997,1.4683,7.1522,0.0074,False,,0.6792,0.0004,0.0000,,2.9993,169.2036,169.2301,,-0.8657,99.0163,99.0201
14:08:30,1.5308,0.0377,-1.4996,1.5499,7.4139,0.0082,False,,0.6890,0.0004,0.0000,,2.9993,168.4553,168.4820,,-0.8657,99.1471,99.1509
14:08:30,1.5700,0.0392,-1.4996,1.6345,7.6841,0.0091,False,,0.7135,0.0004,0.0000,,2.9992,167.7040,167.7308,,-0.8658,99.2798,99.2836
14:08:30,1.6067,0.0367,-1.4996,1.7222,7.9568,0.0099,False,,0.7184,0.0004,0.0000,,2.9992,166.9497,166.9766,,-0.8659,99.4138,99.4176
14:08:30,1.6429,0.0362,-1.4995,1.8129,8.2293,0.0108,False,,0.7184,0.0004,0.0000,,2.9991,166.1924,166.2194,,-0.8659,99.5512,99.5550
14:08:30,1.6816,0.0386,-1.4995,1.9066,8.4998,0.0117,False,,0.7135,0.0004,0.0000,,2.9990,165.4320,165.4592,,-0.8660,99.6901,99.6938
14:08:30,1.7220,0.0404,-1.4995,2.0032,8.7663,0.0127,False,,0.7037,0.0004,0.0000,,2.9989,164.6687,164.6960,,-0.8661,99.8308,99.8346
14:08:30,1.7593,0.0374,-1.4994,2.0527,8.8978,0.0132,False,,0.6939,0.0004,0.0000,,2.9989,164.2859,164.3133,,-0.8661,99.9022,99.9059
14:08:30,1.7956,0.0363,-1.4994,2.1537,9.1578,0.0142,False,,0.6890,0.0004,0.0000,,2.9988,163.5182,163.5457,,-0.8662,100.0469,100.0506
14:08:30,1.8329,0.0373,-1.4993,2.2576,9.4173,0.0152,False,,0.6890,0.0004,0.0000,,2.9987,162.7477,162.7753,,-0.8663,100.1935,100.1973
14:08:30,1.8723,0.0394,-1.4993,2.3644,9.6764,0.0162,False,,0.6890,0.0004,0.0000,,2.9986,161.9742,162.0020,,-0.8664,100.3424,100.3461
14:08:30,1.9103,0.0380,-1.4992,2.4741,9.9402,0.0173,False,,0.7037,0.0004,0.0000,,2.9985,161.1978,161.2257,,-0.8665,100.4884,100.4921
14:08:30,1.9479,0.0376,-1.4992,2.5868,10.2077,0.0184,False,,0.7135,0.0004,0.0000,,2.9984,160.4185,160.4465,,-0.8666,100.6297,100.6334
14:08:30,1.9867,0.0388,-1.4991,2.7025,10.4787,0.0195,False,,0.7233,0.0004,0.0000,,2.9983,159.6362,159.6643,,-0.8667,100.7669,100.7706
14:08:30,2.0243,0.0376,-1.4991,2.8212,10.7581,0.0207,False,,0.7479,0.0004,0.0000,,2.9982,158.8508,158.8791,,-0.8668,100.8992,100.9029
14:08:30,2.0627,0.0384,-1.4990,2.9431,11.0451,0.0219,False,,0.7675,0.0004,0.0000,,2.9981,158.0622,158.0906,,-0.8670,101.0279,101.0316
14:08:30,2.0991,0.0364,-1.4989,3.0053,11.1930,0.0225,False,,0.7969,0.0004,0.0000,,2.9980,157.6667,157.6952,,-0.8670,101.0901,101.0939
14:08:30,2.1360,0.0369,-1.4989,3.1322,11.4969,0.0238,False,,0.8116,0.0004,0.0000,,2.9979,156.8731,156.9018,,-0.8671,101.2117,101.2154
14:08:30,2.1747,0.0388,-1.4988,3.2625,11.8030,0.0250,False,,0.8165,0.0004,0.0000,,2.9977,156.0762,156.1050,,-0.8673,101.3302,101.3339
14:08:30,2.2114,0.0367,-1.4987,3.3962,12.1137,0.0264,False,,0.8312,0.0004,0.0000,,2.9976,155.2758,155.3047,,-0.8674,101.4452,101.4489
14:08:30,2.2504,0.0389,-1.4986,3.5335,12.4298,0.0277,False,,0.8459,0.0004,0.0000,,2.9974,154.4719,154.5010,,-0.8676,101.5552,101.5589
14:08:30,2.2878,0.0374,-1.4985,3.6742,12.7481,0.0291,False,,0.8508,0.0004,0.0000,,2.9973,153.6645,153.6937,,-0.8677,101.6614,101.6651
14:08:30,2.3250,0.0372,-1.4984,3.8185,13.0663,0.0305,False,,0.8508,0.0004,0.0000,,2.9971,152.8535,152.8829,,-0.8679,101.7624,101.7661
14:08:30,2.3623,0.0373,-1.4983,3.9664,13.3840,0.0320,False,,0.8508,0.0004,0.0000,,2.9969,152.0391,152.0686,,-0.8681,101.8587,101.8624
14:08:30,2.3990,0.0367,-1.4982,4.0416,13.5427,0.0327,False,,0.8508,0.0004,0.0000,,2.9969,151.6305,151.6601,,-0.8682,101.9047,101.9084
14:08:30,2.4346,0.0356,-1.4981,4.1947,13.8599,0.0342,False,,0.8508,0.0004,0.0000,,2.9967,150.8107,150.8405,,-0.8683,101.9943,101.9980
14:08:31,2.4716,0.0370,-1.4980,4.3513,14.1766,0.0358,False,,0.8508,0.0004,0.0000,,2.9965,149.9874,150.0173,,-0.8685,102.0789,102.0826
14:08:31,2.5084,0.0368,-1.4979,4.5115,14.4929,0.0374,False,,0.8508,0.0004,0.0000,,2.9963,149.1606,149.1907,,-0.8687,102.1589,102.1626
14:08:31,2.5456,0.0372,-1.4977,4.6752,14.8088,0.0390,False,,0.8508,0.0004,0.0000,,2.9961,148.3303,148.3606,,-0.8689,102.2348,102.2384
14:08:31,2.5831,0.0376,-1.4976,4.8423,15.1243,0.0406,False,,0.8508,0.0004,0.0000,,2.9959,147.4965,147.5269,,-0.8691,102.3083,102.3120
14:08:31,2.6228,0.0397,-1.4974,5.0130,15.4410,0.0423,False,,0.8557,0.0004,0.0000,,2.9956,146.6591,146.6897,,-0.8694,102.3773,102.3810
14:08:31,2.6617,0.0389,-1.4973,5.1872,15.7591,0.0440,False,,0.8606,0.0004,0.0000,,2.9954,145.8183,145.8490,,-0.8696,102.4414,102.4451
14:08:31,2.7001,0.0383,-1.4971,5.3650,16.0788,0.0457,False,,0.8655,0.0004,0.0000,,2.9952,144.9738,145.0048,,-0.8698,102.5009,102.5046
14:08:31,2.7373,0.0372,-1.4970,5.4552,16.2386,0.0466,False,,0.8655,0.0004,0.0000,,2.9950,144.5503,144.5813,,-0.8700,102.5289,102.5326
14:08:31,2.7736,0.0363,-1.4968,5.6383,16.5580,0.0484,False,,0.8655,0.0004,0.0000,,2.9948,143.7005,143.7318,,-0.8702,102.5830,102.5867
14:08:31,2.8097,0.0361,-1.4966,5.8249,16.8770,0.0503,False,,0.8655,0.0004,0.0000,,2.9945,142.8473,142.8786,,-0.8705,102.6326,102.6363
14:08:31,2.8447,0.0349,-1.4964,6.0151,17.1956,0.0521,False,,0.8655,0.0004,0.0000,,2.9942,141.9904,142.0220,,-0.8708,102.6779,102.6816
14:08:31,2.8802,0.0355,-1.4962,6.2088,17.5137,0.0540,False,,0.8655,0.0004,0.0000,,2.9939,141.1301,141.1618,,-0.8711,102.7188,102.7225
14:08:31,2.9166,0.0364,-1.4961,6.3070,17.6726,0.0550,False,,0.8655,0.0004,0.0000,,2.9938,140.6985,140.7304,,-0.8712,102.7383,102.7420
14:08:31,2.9527,0.0361,-1.4959,6.5060,17.9901,0.0570,False,,0.8655,0.0004,0.0000,,2.9935,139.8329,139.8649,,-0.8715,102.7750,102.7787
14:08:31,2.9915,0.0388,-1.4957,6.7089,18.3775,0.0590,False,,0.8655,0.0004,0.0000,,2.9932,138.9633,138.9956,,-0.8719,102.8059,102.8096
14:08:31,3.0283,0.0368,-1.4954,6.9150,18.7171,0.0610,False,,0.8655,0.0004,0.0000,,2.9928,138.0906,138.1231,,-0.8722,102.8345,102.8382
14:08:31,3.0651,0.0368,-1.4952,7.1245,19.0675,0.0630,False,,0.8655,0.0004,0.0000,,2.9925,137.2145,137.2471,,-0.8725,102.8599,102.8636
14:08:31,3.1024,0.0374,-1.4949,7.3380,19.5683,0.0651,False,,0.8655,0.0004,0.0000,,2.9921,136.3343,136.3671,,-0.8729,102.8784,102.8821
14:08:31,3.1385,0.0361,-1.4947,7.4443,19.1330,0.0662,False,,0.8655,0.0004,0.0000,,2.9919,135.8947,135.9276,,-0.8731,102.8879,102.8916
14:08:31,3.1765,0.0380,-1.4945,7.6633,19.5313,0.0683,False,,0.8655,0.0004,0.0000,,2.9916,135.0090,135.0421,,-0.8735,102.9004,102.9041
14:08:31,3.2142,0.0377,-1.4942,7.8842,19.6132,0.0706,False,,0.8655,0.0004,0.0000,,2.9912,134.1215,134.1548,,-0.8739,102.9110,102.9147
14:08:31,3.2527,0.0386,-1.4938,8.1088,19.9570,0.0729,False,,0.8655,0.0004,0.0000,,2.9907,133.2302,133.2638,,-0.8743,102.9173,102.9210
14:08:31,3.2886,0.0359,-1.4935,8.3373,20.3302,0.0755,False,,0.8655,0.0004,0.0000,,2.9903,132.3350,132.3688,,-0.8747,102.9189,102.9227
14:08:31,3.3262,0.0376,-1.4932,8.5702,20.7614,0.0779,False,,0.8655,0.0004,0.0000,,2.9899,131.4355,131.4695,,-0.8752,102.9180,102.9217
14:08:31,3.3648,0.0386,-1.4928,8.8053,20.9058,0.0791,False,,0.8557,0.0004,0.0000,,2.9895,130.5337,130.5679,,-0.8756,102.9136,102.9173
14:08:31,3.4035,0.0388,-1.4925,9.0442,21.2577,0.0798,False,,0.8508,0.0004,0.0000,,2.9891,129.6282,129.6626,,-0.8760,102.9044,102.9081
14:08:32,3.4397,0.0362,-1.4923,9.1669,22.0787,0.0810,False,,0.8508,0.0004,0.0000,,2.9888,129.1722,129.2067,,-0.8762,102.8960,102.8998
14:08:32,3.4766,0.0369,-1.4919,9.4114,22.3671,0.0839,False,,0.8508,0.0004,0.0000,,2.9883,128.2610,128.2958,,-0.8767,102.8821,102.8859
14:08:32,3.5138,0.0372,-1.4915,9.6591,22.6889,0.0883,False,,0.8508,0.0004,0.0000,,2.9877,127.3466,127.3817,,-0.8773,102.8645,102.8683
14:08:32,3.5506,0.0368,-1.4911,9.9104,22.9831,0.0900,False,,0.8508,0.0000,0.0000,,2.9872,126.4287,126.4640,,-0.8778,102.8423,102.8461
14:08:32,3.5886,0.0380,-1.4907,10.1649,23.2937,0.0910,False,,0.8508,0.0000,0.0000,,2.9868,125.5075,125.5430,,-0.8782,102.8179,102.8217
14:08:32,3.6282,0.0396,-1.4903,10.4229,23.5931,0.0908,False,,0.8508,-0.0006,0.0000,,2.9864,124.5829,124.6187,,-0.8786,102.7895,102.7932
14:08:32,3.6681,0.0399,-1.4899,10.6842,23.8958,0.0895,False,,0.8508,-0.0006,0.0000,,2.9861,123.6550,123.6910,,-0.8789,102.7564,102.7602
14:08:32,3.7039,0.0358,-1.4895,10.9488,24.1962,0.0873,False,,0.8508,-0.0006,0.0000,,2.9858,122.7237,122.7600,,-0.8792,102.7218,102.7256
14:08:32,3.7401,0.0362,-1.4892,11.2168,24.4957,0.0847,False,,0.8508,-0.0006,0.0000,,2.9856,121.7891,121.8256,,-0.8794,102.6830,102.6868
14:08:32,3.7767,0.0367,-1.4890,11.3503,24.0352,0.0832,False,,0.8508,-0.0006,0.0000,,2.9855,121.3222,121.3589,,-0.8796,102.6634,102.6671
14:08:32,3.8113,0.0346,-1.4887,11.6232,24.3332,0.0800,False,,0.8508,-0.0006,0.0000,,2.9853,120.3826,120.4196,,-0.8798,102.6172,102.6209
14:08:32,3.8470,0.0356,-1.4883,11.8995,24.6309,0.0766,False,,0.8508,-0.0006,0.0000,,2.9851,119.4397,119.4770,,-0.8799,102.5690,102.5728
14:08:32,3.8842,0.0372,-1.4880,12.1790,24.9284,0.0730,False,,0.8508,-0.0006,0.0000,,2.9849,118.4935,118.5311,,-0.8801,102.5176,102.5214
14:08:32,3.9208,0.0366,-1.4877,12.4618,25.2264,0.0693,False,,0.8508,-0.0006,0.0000,,2.9848,117.5440,117.5819,,-0.8803,102.4620,102.4658
14:08:32,3.9596,0.0388,-1.4876,12.6062,25.9790,0.0674,False,,0.8508,-0.0006,0.0000,,2.9847,117.0664,117.1044,,-0.8803,102.4309,102.4347
14:08:32,3.9957,0.0361,-1.4873,12.8939,26.2737,0.0635,False,,0.8508,-0.0006,0.0000,,2.9846,116.1120,116.1503,,-0.8805,102.3703,102.3741
14:08:32,4.0321,0.0364,-1.4870,13.1850,26.5684,0.0596,False,,0.8508,-0.0006,0.0000,,2.9845,115.1542,115.1929,,-0.8806,102.3059,102.3097
14:08:32,4.0682,0.0361,-1.4867,13.4794,26.8629,0.0556,False,,0.8508,-0.0006,0.0000,,2.9844,114.1932,114.2322,,-0.8807,102.2382,102.2420
14:08:32,4.1052,0.0369,-1.4865,13.7771,27.1575,0.0515,False,,0.8508,-0.0006,0.0000,,2.9843,113.2288,113.2682,,-0.8807,102.1672,102.1710
14:08:32,4.1428,0.0376,-1.4863,14.0781,27.4504,0.0474,False,,0.8459,-0.0006,0.0000,,2.9843,112.2612,112.3008,,-0.8808,102.0936,102.0974
14:08:32,4.1801,0.0373,-1.4861,14.3824,27.7414,0.0432,False,,0.8410,-0.0006,0.0000,,2.9842,111.2903,111.3303,,-0.8808,102.0153,102.0191
14:08:32,4.2173,0.0373,-1.4860,14.5342,27.3269,0.0411,False,,0.8263,-0.0006,0.0000,,2.9842,110.8051,110.8453,,-0.8808,101.9762,101.9800
14:08:32,4.2541,0.0367,-1.4858,14.8433,27.6118,0.0368,False,,0.8116,-0.0006,0.0000,,2.9842,109.8293,109.8699,,-0.8808,101.8928,101.8966
14:08:32,4.2913,0.0372,-1.4856,15.1555,27.8939,0.0325,False,,0.8018,-0.0006,0.0000,,2.9842,108.8505,108.8914,,-0.8808,101.8059,101.8097
14:08:32,4.3322,0.0410,-1.4855,15.4708,28.1744,0.0282,False,,0.7969,-0.0006,0.0000,,2.9843,107.8685,107.9098,,-0.8807,101.7159,101.7198
14:08:32,4.3735,0.0413,-1.4854,15.7892,28.4530,0.0234,False,,0.7920,-0.0009,0.0000,,2.9844,106.8835,106.9251,,-0.8806,101.6227,101.6265
14:08:32,4.4154,0.0419,-1.4853,16.1106,28.7294,0.0180,False,,0.7871,-0.0010,0.0000,,2.9845,105.8954,105.9374,,-0.8805,101.5264,101.5302
14:08:33,4.4574,0.0420,-1.4853,16.4350,29.0038,0.0120,False,,0.7822,-0.0010,0.0000,,2.9847,104.9043,104.9468,,-0.8803,101.4297,101.4335
14:08:33,4.4984,0.0411,-1.4853,16.7623,29.2722,0.0057,False,,0.7675,-0.0010,0.0000,,2.9850,103.9103,103.9532,,-0.8800,101.3288,101.3326
14:08:33,4.5394,0.0410,-1.4853,17.0925,29.5094,-0.0009,False,,0.6841,-0.0010,0.0000,,2.9853,102.9135,102.9568,,-0.8797,101.2242,101.2280
14:08:33,4.5787,0.0392,-1.4854,17.4249,29.6947,-0.0076,False,,0.5420,-0.0010,0.0000,,2.9857,101.9144,101.9581,,-0.8794,101.1174,101.1212
14:08:33,4.6160,0.0374,-1.4855,17.7591,29.8614,-0.0145,False,,0.5000,-0.0010,0.0000,,2.9861,100.9135,100.9577,,-0.8789,101.0096,101.0134
14:08:33,4.6533,0.0373,-1.4856,18.0951,30.0255,-0.0215,False,,0.5000,-0.0010,0.0000,,2.9865,99.9108,99.9554,,-0.8785,100.8974,100.9013
14:08:33,4.6904,0.0371,-1.4858,18.4329,30.1879,-0.0286,False,,0.5000,-0.0010,0.0000,,2.9870,98.9064,98.9515,,-0.8780,100.7860,100.7898
14:08:33,4.7265,0.0361,-1.4860,18.7724,30.3492,-0.0358,False,,0.5000,-0.0010,0.0000,,2.9875,97.9002,97.9458,,-0.8775,100.6723,100.6761
14:08:33,4.7627,0.0362,-1.4863,19.1136,30.5099,-0.0430,False,,0.5000,-0.0010,0.0000,,2.9881,96.8923,96.9384,,-0.8769,100.5553,100.5591
14:08:33,4.8031,0.0404,-1.4866,19.4566,30.6703,-0.0502,False,,0.5000,-0.0010,0.0000,,2.9887,95.8826,95.9292,,-0.8763,100.4372,100.4411
14:08:33,4.8430,0.0399,-1.4869,19.8014,30.8305,-0.0576,False,,0.5000,-0.0010,0.0000,,2.9893,94.8712,94.9183,,-0.8757,100.3179,100.3217
14:08:33,4.8821,0.0392,-1.4873,20.1478,30.9904,-0.0649,False,,0.5000,-0.0010,0.0000,,2.9901,93.8581,93.9057,,-0.8750,100.1950,100.1988
14:08:33,4.9220,0.0399,-1.4877,20.4961,31.1613,-0.0723,False,,0.5322,-0.0010,0.0000,,2.9908,92.8431,92.8913,,-0.8742,100.0718,100.0756
14:08:33,4.9610,0.0390,-1.4882,20.8464,31.3483,-0.0798,False,,0.5763,-0.0010,0.0000,,2.9916,91.8262,91.8750,,-0.8734,99.9464,99.9502
14:08:33,4.9996,0.0386,-1.4885,21.0235,31.8806,-0.0835,False,,0.6008,-0.0010,0.0000,,2.9920,91.3158,91.3648,,-0.8730,99.8812,99.8850
14:08:33,5.0370,0.0373,-1.4890,21.3769,32.0758,-0.0911,False,,0.6057,-0.0010,0.0000,,2.9929,90.2957,90.3452,,-0.8721,99.7521,99.7559
14:08:33,5.0749,0.0379,-1.4896,21.7326,32.2795,-0.0987,False,,0.6351,-0.0010,0.0000,,2.9938,89.2733,89.3235,,-0.8712,99.6208,99.6246
14:08:33,5.1147,0.0398,-1.4903,22.0907,32.4927,-0.1064,False,,0.6645,-0.0010,0.0000,,2.9948,88.2486,88.2994,,-0.8702,99.4868,99.4906
14:08:33,5.1537,0.0390,-1.4910,22.4512,32.7176,-0.1141,False,,0.6988,-0.0010,0.0000,,2.9958,87.2213,87.2728,,-0.8692,99.3504,99.3542
14:08:33,5.1917,0.0379,-1.4917,22.8145,32.9516,-0.1219,False,,0.7233,-0.0010,0.0000,,2.9969,86.1914,86.2435,,-0.8681,99.2120,99.2158
14:08:33,5.2307,0.0391,-1.4925,23.1804,33.1917,-0.1296,False,,0.7381,-0.0009,0.0000,,2.9980,85.1588,85.2116,,-0.8670,99.0694,99.0732
14:08:33,5.2691,0.0384,-1.4934,23.5491,33.4344,-0.1372,False,,0.7430,-0.0009,0.0000,,2.9992,84.1235,84.1769,,-0.8658,98.9250,98.9288
14:08:33,5.3074,0.0382,-1.4943,23.9206,33.6774,-0.1447,False,,0.7430,-0.0009,0.0000,,3.0004,83.0853,83.1395,,-0.8646,98.7781,98.7819
14:08:33,5.3456,0.0383,-1.4952,24.2948,33.9203,-0.1522,False,,0.7430,-0.0009,0.0000,,3.0017,82.0444,82.0993,,-0.8633,98.6274,98.6311
14:08:33,5.3823,0.0366,-1.4963,24.6718,34.1626,-0.1597,False,,0.7430,-0.0009,0.0000,,3.0031,81.0007,81.0564,,-0.8620,98.4762,98.4799
14:08:33,5.4225,0.0402,-1.4973,25.0516,34.4029,-0.1672,False,,0.7381,-0.0009,0.0000,,3.0044,79.9543,80.0107,,-0.8606,98.3205,98.3242
14:08:34,5.4599,0.0374,-1.4979,25.2417,34.2102,-0.1710,False,,0.7282,-0.0009,0.0000,,3.0052,79.4309,79.4877,,-0.8599,98.2428,98.2466
14:08:34,5.4977,0.0378,-1.4990,25.6255,34.4571,-0.1785,False,,0.7184,-0.0009,0.0000,,3.0066,78.3804,78.4380,,-0.8584,98.0840,98.0878
14:08:34,5.5373,0.0395,-1.5002,26.0120,34.7027,-0.1860,False,,0.7135,-0.0009,0.0000,,3.0082,77.3272,77.3857,,-0.8569,97.9221,97.9259
14:08:34,5.5772,0.0399,-1.5015,26.4012,34.9456,-0.1936,False,,0.7037,-0.0009,0.0000,,3.0097,76.2714,76.3307,,-0.8553,97.7560,97.7597
14:08:34,5.6166,0.0394,-1.5028,26.7929,35.1872,-0.2012,False,,0.6988,-0.0009,0.0000,,3.0114,75.2130,75.2733,,-0.8536,97.5879,97.5917
14:08:34,5.6540,0.0374,-1.5042,27.1871,35.4293,-0.2088,False,,0.6988,-0.0009,0.0000,,3.0131,74.1521,74.2133,,-0.8519,97.4177,97.4215
14:08:34,5.6914,0.0374,-1.5057,27.5840,35.6724,-0.2165,False,,0.6988,-0.0009,0.0000,,3.0149,73.0886,73.1507,,-0.8501,97.2432,97.2469
14:08:34,5.7323,0.0409,-1.5072,27.9833,35.9168,-0.2238,False,,0.6988,-0.0006,0.0000,,3.0167,72.0225,72.0857,,-0.8483,97.0673,97.0710
14:08:34,5.7751,0.0428,-1.5087,28.3853,36.1639,-0.2304,False,,0.7037,-0.0004,0.0000,,3.0185,70.9539,71.0181,,-0.8465,96.8910,96.8947
14:08:34,5.8153,0.0402,-1.5103,28.7898,36.4115,-0.2356,False,,0.7037,0.0000,0.0000,,3.0203,69.8827,69.9479,,-0.8447,96.7119,96.7156
14:08:34,5.8544,0.0390,-1.5119,29.1969,36.6580,-0.2386,False,,0.7037,0.0006,0.0000,,3.0220,68.8090,68.8753,,-0.8430,96.5286,96.5323
14:08:34,5.8942,0.0399,-1.5134,29.6065,36.9013,-0.2391,False,,0.7037,0.0009,0.0000,,3.0236,67.7327,67.8001,,-0.8414,96.3434,96.3471
14:08:34,5.9310,0.0368,-1.5150,30.0187,37.1400,-0.2375,False,,0.7037,0.0009,0.0000,,3.0251,66.6538,66.7224,,-0.8399,96.1562,96.1599
14:08:34,5.9695,0.0385,-1.5166,30.4334,37.3744,-0.2345,False,,0.7037,0.0009,0.0000,,3.0266,65.5724,65.6422,,-0.8385,95.9647,95.9684
14:08:34,6.0097,0.0402,-1.5182,30.8506,37.6043,-0.2302,False,,0.6988,0.0009,0.0000,,3.0280,64.4885,64.5596,,-0.8371,95.7705,95.7741
14:08:34,6.0484,0.0387,-1.5197,31.2704,37.8323,-0.2251,False,,0.6988,0.0009,0.0000,,3.0293,63.4021,63.4744,,-0.8357,95.5752,95.5788
14:08:34,6.0880,0.0395,-1.5213,31.6926,38.0576,-0.2194,False,,0.6939,0.0008,0.0000,,3.0306,62.3132,62.3868,,-0.8344,95.3759,95.3796
14:08:34,6.1265,0.0386,-1.5228,32.1174,38.2819,-0.2136,False,,0.6939,0.0006,0.0000,,3.0319,61.2218,61.2968,,-0.8331,95.1746,95.1783
14:08:34,6.1667,0.0401,-1.5244,32.5446,38.5042,-0.2078,False,,0.6890,0.0006,0.0000,,2.6778,60.1443,60.2038,,-0.8318,94.9705,94.9742
14:08:34,6.2055,0.0388,-1.5259,32.9742,38.7258,-0.2019,False,,0.6890,0.0006,0.0000,,2.6790,59.0479,59.1087,,-0.8306,94.7640,94.7677
14:08:34,6.2454,0.0399,-1.5274,33.4064,38.9469,-0.1960,False,,0.6890,0.0006,0.0000,,2.6803,57.9491,58.0111,,-0.8293,94.5550,94.5586
14:08:34,6.2845,0.0391,-1.5289,33.8409,39.1677,-0.1901,False,,0.6890,0.0006,0.0000,,2.6815,56.8479,56.9111,,-0.8281,94.3434,94.3470
14:08:34,6.3236,0.0391,-1.5303,34.2780,39.3881,-0.1842,False,,0.6890,0.0006,0.0000,,2.6827,55.7442,55.8087,,-0.8269,94.1291,94.1327
14:08:34,6.3619,0.0383,-1.5317,34.7175,39.6083,-0.1782,False,,0.6890,0.0006,0.0000,,2.6839,54.6380,54.7039,,-0.8257,93.9140,93.9176
14:08:34,6.4017,0.0398,-1.5331,35.1594,39.8282,-0.1722,False,,0.6890,0.0006,0.0000,,2.6850,53.5294,53.5967,,-0.8246,93.6955,93.6991
14:08:35,6.4408,0.0391,-1.5345,35.6037,40.0479,-0.1661,False,,0.6890,0.0006,0.0000,,2.6861,52.4184,52.4872,,-0.8235,93.4757,93.4794
14:08:35,6.4814,0.0406,-1.5358,36.0505,40.2672,-0.1601,False,,0.6890,0.0006,0.0000,,2.6872,51.3049,51.3752,,-0.8224,93.2534,93.2571
14:08:35,6.5226,0.0412,-1.5371,36.4998,40.4863,-0.1550,False,,0.6890,0.0000,0.0000,,2.6883,50.1890,50.2610,,-0.8213,93.0273,93.0309
14:08:35,6.5650,0.0424,-1.5384,36.9515,40.7051,-0.1511,False,,0.6890,0.0000,0.0000,,2.6894,49.0707,49.1443,,-0.8202,92.7986,92.8023
14:08:35,6.6041,0.0391,-1.5397,37.4056,40.9236,-0.1490,False,,0.6890,-0.0006,0.0000,,2.6906,47.9499,48.0253,,-0.8190,92.5687,92.5724
14:08:35,6.6457,0.0416,-1.5410,37.8621,41.1418,-0.1487,False,,0.6890,-0.0006,0.0000,,2.6919,46.8267,46.9040,,-0.8177,92.3351,92.3387
14:08:35,6.6865,0.0408,-1.5423,38.3210,41.3597,-0.1499,False,,0.6890,-0.0006,0.0000,,2.6933,45.7011,45.7804,,-0.8163,92.0996,92.1032
14:08:35,6.7247,0.0381,-1.5437,38.7824,41.5774,-0.1522,False,,0.6890,-0.0006,0.0000,,2.6947,44.5730,44.6544,,-0.8149,91.8616,91.8652
14:08:35,6.7627,0.0380,-1.5450,39.2462,41.7948,-0.1554,False,,0.6890,-0.0006,0.0000,,2.6962,43.4426,43.5262,,-0.8134,91.6207,91.6243
14:08:35,6.8003,0.0376,-1.5464,39.7124,42.0119,-0.1592,False,,0.6890,-0.0006,0.0000,,2.6977,42.3097,42.3956,,-0.8119,91.3776,91.3812
14:08:35,6.8398,0.0395,-1.5471,39.9464,42.1203,-0.1614,False,,0.6890,-0.0006,0.0000,,2.6985,41.7424,41.8295,,-0.8111,91.2557,91.2593
14:08:35,6.8764,0.0365,-1.5485,40.4162,42.3370,-0.1660,False,,0.6890,-0.0006,0.0000,,2.2904,40.6313,40.6958,,-0.8095,91.0086,91.0122
14:08:35,6.9158,0.0394,-1.5499,40.8884,42.5534,-0.1711,False,,0.6890,-0.0006,0.0000,,2.2921,39.4923,39.5588,,-0.8078,90.7585,90.7621
14:08:35,6.9564,0.0407,-1.5514,41.3630,42.7695,-0.1764,False,,0.6890,-0.0006,0.0000,,2.2938,38.3510,38.4195,,-0.8061,90.5079,90.5115
14:08:35,6.9959,0.0394,-1.5529,41.8400,42.9853,-0.1820,False,,0.6890,-0.0006,0.0000,,2.2955,37.2073,37.2780,,-0.8044,90.2534,90.2570
14:08:35,7.0368,0.0410,-1.5544,42.3194,43.2009,-0.1879,False,,0.6890,-0.0006,0.0000,,2.2973,36.0612,36.1343,,-0.8026,89.9992,90.0028
14:08:35,7.0785,0.0417,-1.5560,42.8012,43.4162,-0.1939,False,,0.6890,-0.0006,0.0000,,2.2991,34.9127,34.9883,,-0.8008,89.7412,89.7448
14:08:35,7.1193,0.0407,-1.5576,43.2854,43.6299,-0.2005,False,,0.6841,-0.0009,0.0000,,2.3010,33.7618,33.8401,,-0.7989,89.4799,89.4835
14:08:35,7.1610,0.0417,-1.5602,44.0161,43.9492,-0.2114,False,,0.6841,-0.0009,0.0000,,2.3041,32.0310,32.1137,,-0.7958,89.0858,89.0894
14:08:35,7.2010,0.0400,-1.5620,44.5062,44.1616,-0.2193,False,,0.6841,-0.0009,0.0000,,2.3062,30.8741,30.9602,,-0.7937,88.8188,88.8224
14:08:35,7.2414,0.0404,-1.5638,44.9987,44.3737,-0.2275,False,,0.6841,-0.0009,0.0000,,2.3084,29.7150,29.8045,,-0.7915,88.5486,88.5522
14:08:35,7.2787,0.0373,-1.5648,45.2458,44.4797,-0.2318,False,,0.6841,-0.0009,0.0000,,2.3095,29.1345,29.2259,,-0.7904,88.4135,88.4170
14:08:35,7.3164,0.0376,-1.5667,45.7417,44.6914,-0.2404,False,,0.6841,-0.0009,0.0000,,2.3118,27.9718,28.0672,,-0.7881,88.1412,88.1448
14:08:35,7.3544,0.0381,-1.5688,46.2401,44.9029,-0.2493,False,,0.6841,-0.0009,0.0000,,2.3142,26.8067,26.9064,,-0.7856,87.8654,87.8689
14:08:35,7.3949,0.0405,-1.5709,46.7408,45.1141,-0.2584,False,,0.6841,-0.0009,0.0000,,2.3167,25.6393,25.7438,,-0.7832,87.5879,87.5914
14:08:36,7.4393,0.0444,-1.5731,47.2438,45.3250,-0.2675,False,,0.6841,-0.0009,0.0000,,2.3193,24.4696,24.5792,,-0.7806,87.3081,87.3116
14:08:36,7.4826,0.0433,-1.5765,48.0027,45.6409,-0.2816,False,,0.6841,-0.0009,0.0000,,2.3233,22.7105,22.8291,,-0.7765,86.8825,86.8859
14:08:36,7.5259,0.0433,-1.5789,48.5116,45.8511,-0.2911,False,,0.6841,-0.0009,0.0000,,2.1692,21.5554,21.6643,,-0.7737,86.5977,86.6011
14:08:36,7.5665,0.0406,-1.5814,49.0228,46.0611,-0.3007,False,,0.6841,-0.0009,0.0000,,2.1721,20.3775,20.4929,,-0.7709,86.3091,86.3125
14:08:36,7.6077,0.0412,-1.5839,49.5363,46.2708,-0.3104,False,,0.6841,-0.0009,0.0000,,2.1751,19.1972,19.3200,,-0.7679,86.0189,86.0223
14:08:36,7.6482,0.0405,-1.5866,50.0522,46.4803,-0.3202,False,,0.6841,-0.0009,0.0000,,2.1782,18.0146,18.1458,,-0.7648,85.7269,85.7303
14:08:36,7.6883,0.0402,-1.5894,50.5703,46.6894,-0.3300,False,,0.6841,-0.0009,0.0000,,2.1813,16.8297,16.9705,,-0.7616,85.4312,85.4346
14:08:36,7.7272,0.0388,-1.5922,51.0908,46.8983,-0.3399,False,,0.6841,-0.0009,0.0000,,2.1846,15.6424,15.7943,,-0.7584,85.1356,85.1390
14:08:36,7.7692,0.0420,-1.5952,51.6137,47.1070,-0.3499,False,,0.6841,-0.0009,0.0000,,2.1880,14.4529,14.6176,,-0.7550,84.8364,84.8398
14:08:36,7.8081,0.0390,-1.5982,52.1388,47.3153,-0.3599,False,,0.6841,-0.0009,0.0000,,2.1914,13.2610,13.4409,,-0.7515,84.5340,84.5374
14:08:36,7.8483,0.0402,-1.6013,52.6663,47.5234,-0.3699,False,,0.6841,-0.0009,0.0000,,2.1950,12.0668,12.2648,,-0.7480,84.2310,84.2344
14:08:36,7.8876,0.0392,-1.6046,53.1960,47.7313,-0.3800,False,,0.6841,-0.0009,0.0000,,2.1987,10.8703,11.0904,,-0.7443,83.9248,83.9281
14:08:36,7.9281,0.0405,-1.6079,53.7281,47.9388,-0.3902,False,,0.6841,-0.0009,0.0000,,2.2024,9.6715,9.9191,,-0.7405,83.6153,83.6186
14:08:36,7.9686,0.0405,-1.6114,54.2625,48.1461,-0.4004,False,,0.6841,-0.0009,0.0000,,2.2063,8.4704,8.7530,,-0.7366,83.3039,83.3071
14:08:36,8.0109,0.0423,-1.6149,54.7991,48.3532,-0.4102,False,,0.6841,-0.0006,0.0000,,2.2103,7.2670,7.5957,,-0.7326,82.9908,82.9940
14:08:36,8.0529,0.0419,-1.6186,55.3381,48.5599,-0.4193,False,,0.6841,-0.0004,0.0000,,2.2143,6.0613,6.4531,,-0.7286,82.6742,82.6774
14:08:36,8.0955,0.0426,-1.6223,55.8794,48.7664,-0.4268,False,,0.6841,0.0000,0.0000,,2.1205,4.8966,5.3360,,-0.7246,82.3576,82.3608
14:08:36,8.1361,0.0406,-1.6260,56.4229,48.9727,-0.4311,False,,0.6841,0.0011,0.0000,,2.1010,3.6983,4.2534,,-0.7207,82.0373,82.0405
14:08:36,8.1806,0.0445,-1.6316,57.2425,49.2815,-0.4289,False,,0.6841,0.0019,0.0000,,1.7009,2.1541,2.7447,,-0.7151,81.5507,81.5539
14:08:36,8.2238,0.0432,-1.6353,57.7918,49.4837,-0.4219,False,,0.6694,0.0022,0.0000,,1.6039,0.9972,1.8886,,-0.7117,81.2255,81.2287
14:08:36,8.2653,0.0415,-1.6390,58.3432,49.6707,-0.4108,False,,0.6155,0.0024,0.0000,,1.4477,0.2029,1.4618,,-0.7085,80.8968,80.8999
14:08:36,8.3072,0.0419,-1.6426,58.8965,49.8287,-0.3964,False,,0.5273,0.0024,0.0000,,1.2426,0.0317,1.2430,,-0.7055,80.5667,80.5698
14:08:36,8.3481,0.0409,-1.6462,59.4513,49.9667,-0.3792,False,,0.5000,0.0024,0.0000,,1.1839,-0.0067,1.1839,,-0.7027,80.2357,80.2388
14:08:36,8.3919,0.0438,-1.6496,60.0075,50.0936,-0.3597,False,,0.4727,0.0024,0.0000,,1.1247,-0.0263,1.1250,,-0.7001,79.9022,79.9052
14:08:36,8.4331,0.0412,-1.6530,60.5651,50.2080,-0.3385,False,,0.4384,0.0024,0.0000,,3.1674,194.2407,194.2665,,-0.6976,79.5695,79.5725
14:08:37,8.4748,0.0418,-1.6562,61.1238,50.3158,-0.3158,False,,0.4335,0.0024,0.0000,,3.1697,193.0152,193.0412,,-0.6953,79.2343,79.2374
14:08:37,8.5206,0.0458,-1.6609,61.9642,50.4739,-0.2795,False,,0.4286,0.0024,0.0000,,3.1728,191.1748,191.2012,,-0.6923,78.7292,78.7322
14:08:37,8.5688,0.0482,-1.6637,62.5259,50.5784,-0.2542,False,,0.4286,0.0024,0.0000,,3.1746,189.9465,189.9730,,-0.6905,78.3917,78.3947
14:08:37,8.6155,0.0467,-1.6665,63.0887,50.6818,-0.2283,False,,0.4237,0.0024,0.0000,,3.1762,188.7169,188.7437,,-0.6889,78.0519,78.0549
14:08:37,8.6625,0.0470,-1.6702,63.9351,50.8313,-0.1891,False,,0.4139,0.0022,0.0000,,3.1782,186.8705,186.8976,,-0.6868,77.5399,77.5429
14:08:37,8.7072,0.0446,-1.6724,64.5006,50.9206,-0.1630,False,,0.3747,0.0021,0.0000,,3.1794,185.6383,185.6655,,-0.6856,77.1979,77.2010
14:08:37,8.7475,0.0404,-1.6745,65.0671,50.9937,-0.1372,False,,0.3306,0.0020,0.0000,,3.1803,184.4052,184.4327,,-0.6847,76.8540,76.8571
14:08:37,8.7912,0.0437,-1.6764,65.6341,51.0496,-0.1118,False,,0.2865,0.0020,0.0000,,3.1811,183.1715,183.1991,,-0.6839,76.5102,76.5132
14:08:37,8.8332,0.0420,-1.6780,66.2017,51.0938,-0.0867,False,,0.2669,0.0020,0.0000,,3.1817,181.9373,181.9651,,-0.6833,76.1661,76.1691
14:08:37,8.8741,0.0409,-1.6794,66.7697,51.1291,-0.0618,False,,0.2423,0.0020,0.0000,,3.1821,180.7026,180.7306,,-0.6830,75.8205,75.8235
14:08:37,8.9142,0.0401,-1.6806,67.3381,51.1560,-0.0371,False,,0.2227,0.0020,0.0000,,3.1822,179.4676,179.4958,,-0.6828,75.4752,75.4783
14:08:37,8.9564,0.0423,-1.6816,67.9067,51.1796,-0.0125,False,,0.2227,0.0020,0.0000,,3.1821,178.2323,178.2607,,-0.6829,75.1302,75.1333
14:08:37,8.9974,0.0409,-1.6823,68.4755,51.2009,0.0117,False,,0.2129,0.0019,0.0000,,3.1819,176.9968,177.0254,,-0.6832,74.7838,74.7869
14:08:37,9.0383,0.0410,-1.6829,69.0445,51.2118,0.0344,False,,0.1737,0.0012,0.0000,,3.1814,175.7612,175.7899,,-0.6836,74.4377,74.4408
14:08:37,9.0794,0.0411,-1.6833,69.6135,51.2056,0.0536,False,,0.1247,0.0000,0.0000,,3.1810,174.5255,174.5545,,-0.6840,74.0924,74.0955
14:08:37,9.1218,0.0424,-1.6836,70.4666,51.1637,0.0739,False,,0.0757,-0.0006,0.0000,,3.1805,172.6725,172.7018,,-0.6845,73.5740,73.5772
14:08:37,9.1648,0.0430,-1.6837,71.0347,51.1236,0.0817,False,,0.0463,-0.0012,0.0000,,3.1802,171.4377,171.4672,,-0.6848,73.2297,73.2329
14:08:37,9.2064,0.0416,-1.6837,71.6024,51.0741,0.0852,False,,0.0267,-0.0014,0.0000,,3.1801,170.2034,170.2331,,-0.6849,72.8852,72.8884
14:08:37,9.2475,0.0411,-1.6837,72.1694,51.0170,0.0850,False,,0.0070,-0.0014,0.0000,,3.1801,168.9697,168.9996,,-0.6850,72.5415,72.5447
14:08:37,9.2902,0.0426,-1.6835,72.7357,50.9550,0.0819,False,,0.0000,-0.0014,0.0000,,3.1801,167.7367,167.7668,,-0.6850,72.1989,72.2021
14:08:37,9.3306,0.0404,-1.6834,73.3014,50.8920,0.0764,False,,0.0000,-0.0014,0.0000,,3.1801,166.5044,166.5348,,-0.6849,71.8561,71.8594
14:08:37,9.3729,0.0424,-1.6832,73.8663,50.8290,0.0689,False,,0.0000,-0.0014,0.0000,,3.1802,165.2728,165.3034,,-0.6848,71.5146,71.5179
14:08:37,9.4153,0.0424,-1.6829,74.4306,50.7667,0.0598,False,,0.0021,-0.0014,0.0000,,3.1804,164.0419,164.0727,,-0.6846,71.1742,71.1775
14:08:38,9.4576,0.0423,-1.6827,74.9941,50.7047,0.0494,False,,0.0021,-0.0014,0.0000,,3.1806,162.8117,162.8427,,-0.6844,70.8298,70.8331
14:08:38,9.4990,0.0414,-1.6825,75.5570,50.6428,0.0379,False,,0.0021,-0.0014,0.0000,,3.1809,161.5822,161.6135,,-0.6841,70.4769,70.4803
14:08:38,9.5431,0.0441,-1.6823,76.4000,50.5521,0.0190,False,,0.0070,-0.0014,0.0000,,3.1815,159.7391,159.7708,,-0.6835,69.9675,69.9709
14:08:38,9.5826,0.0395,-1.6822,76.9612,50.4923,0.0056,False,,0.0070,-0.0014,0.0000,,3.1820,158.5113,158.5432,,-0.6830,69.6445,69.6478
14:08:38,9.6233,0.0407,-1.6822,77.5217,50.4325,-0.0083,False,,0.0070,-0.0014,0.0000,,3.1826,157.2841,157.3163,,-0.6825,69.3092,69.3126
14:08:38,9.6649,0.0415,-1.6823,78.0816,50.3729,-0.0226,False,,0.0070,-0.0014,0.0000,,3.1832,156.0576,156.0900,,-0.6818,68.9728,68.9762
14:08:38,9.7062,0.0413,-1.6824,78.6408,50.3133,-0.0373,False,,0.0070,-0.0014,0.0000,,3.1840,154.8317,154.8645,,-0.6810,68.6356,68.6390
14:08:38,9.7469,0.0408,-1.6827,79.1993,50.2537,-0.0523,False,,0.0070,-0.0014,0.0000,,3.1849,153.6065,153.6396,,-0.6802,68.2994,68.3028
14:08:38,9.7897,0.0428,-1.6830,79.7572,50.1943,-0.0675,False,,0.0070,-0.0014,0.0000,,3.1859,152.3820,152.4153,,-0.6792,67.9639,67.9673
14:08:38,9.8318,0.0420,-1.6835,80.3144,50.1349,-0.0829,False,,0.0070,-0.0014,0.0000,,3.1870,151.1581,151.1917,,-0.6780,67.6296,67.6330
14:08:38,9.8767,0.0450,-1.6841,80.8710,50.0767,-0.0984,False,,0.0119,-0.0014,0.0000,,3.1882,149.9349,149.9688,,-0.6768,67.2962,67.2996
14:08:38,9.9186,0.0418,-1.6848,81.4269,50.0194,-0.1140,False,,0.0119,-0.0014,0.0000,,3.1896,148.7123,148.7465,,-0.6754,66.9654,66.9688
14:08:38,9.9597,0.0411,-1.6856,81.9822,49.9632,-0.1298,False,,0.0169,-0.0014,0.0000,,3.1911,147.4904,147.5249,,-0.6739,66.6336,66.6370
14:08:38,10.0079,0.0482,-1.6871,82.8141,49.8844,-0.1535,False,,0.0267,-0.0014,0.0000,,3.1936,145.6586,145.6936,,-0.6714,66.1350,66.1384
14:08:38,10.0522,0.0443,-1.6883,83.3679,49.8341,-0.1693,False,,0.0316,-0.0014,0.0000,,3.1955,144.4380,144.4734,,-0.6696,65.8055,65.8089
14:08:38,10.0956,0.0434,-1.6896,83.9212,49.7847,-0.1853,False,,0.0316,-0.0014,0.0000,,3.1974,143.2181,143.2538,,-0.6676,65.4751,65.4785
14:08:38,10.1398,0.0442,-1.6910,84.4740,49.7354,-0.2012,False,,0.0316,-0.0014,0.0000,,3.1996,141.9987,142.0347,,-0.6655,65.1441,65.1475
14:08:38,10.1817,0.0419,-1.6934,85.3021,49.6636,-0.2252,False,,0.0365,-0.0014,0.0000,,3.2030,140.1706,140.2072,,-0.6620,64.6518,64.6551
14:08:38,10.2233,0.0416,-1.6953,85.8536,49.6348,-0.2412,False,,0.1198,-0.0014,0.0000,,3.2055,138.9524,138.9894,,-0.6595,64.3225,64.3259
14:08:38,10.2671,0.0438,-1.6972,86.4051,49.6489,-0.2572,False,,0.2472,-0.0014,0.0000,,3.2081,137.7342,137.7716,,-0.6569,63.9952,63.9985
14:08:38,10.3080,0.0409,-1.6993,86.9572,49.7061,-0.2733,False,,0.3453,-0.0014,0.0000,,3.2109,136.5155,136.5533,,-0.6541,63.6664,63.6698
14:08:38,10.3495,0.0416,-1.7016,87.5102,49.7947,-0.2896,False,,0.4139,-0.0014,0.0000,,3.2139,135.2959,135.3340,,-0.6511,63.3375,63.3408
14:08:38,10.3939,0.0444,-1.7040,88.0644,49.9142,-0.3058,False,,0.5000,-0.0014,0.0000,,3.2170,134.0750,134.1136,,-0.6480,63.0075,63.0108
14:08:39,10.4374,0.0435,-1.7066,88.6201,50.0473,-0.3222,False,,0.5028,-0.0014,0.0000,,3.2203,132.8527,132.8917,,-0.6447,62.6748,62.6782
14:08:39,10.4817,0.0442,-1.7108,89.4568,50.2914,-0.3470,False,,0.6057,-0.0014,0.0000,,3.2255,131.0160,131.0557,,-0.6395,62.1728,62.1760
14:08:39,10.5221,0.0404,-1.7138,90.0171,50.4710,-0.3637,False,,0.6302,-0.0014,0.0000,,3.2293,129.7891,129.8292,,-0.6358,61.8361,61.8394
14:08:39,10.5651,0.0429,-1.7170,90.5794,50.6540,-0.3805,False,,0.6302,-0.0014,0.0000,,3.2331,128.5601,128.6008,,-0.6319,61.4963,61.4995
14:08:39,10.6077,0.0426,-1.7203,91.1437,50.8334,-0.3974,False,,0.6155,-0.0014,0.0000,,3.2372,127.3291,127.3703,,-0.6278,61.1553,61.1585
14:08:39,10.6495,0.0418,-1.7238,91.7100,51.0081,-0.4143,False,,0.6057,-0.0014,0.0000,,3.2414,126.0962,126.1379,,-0.6236,60.8126,60.8158
14:08:39,10.6895,0.0400,-1.7275,92.2781,51.1788,-0.4314,False,,0.5959,-0.0014,0.0000,,3.2459,124.8614,124.9036,,-0.6192,60.4667,60.4699
14:08:39,10.7317,0.0422,-1.7314,92.8481,51.3443,-0.4485,False,,0.5812,-0.0014,0.0000,,3.2505,123.6247,123.6674,,-0.6146,60.1197,60.1228
14:08:39,10.7758,0.0441,-1.7354,93.4199,51.4994,-0.4656,False,,0.5469,-0.0014,0.0000,,3.2552,122.3863,122.4296,,-0.6098,59.7717,59.7748
14:08:39,10.8188,0.0431,-1.7396,93.9933,51.6388,-0.4828,False,,0.5028,-0.0014,0.0000,,3.2602,121.1462,121.1901,,-0.6049,59.4206,59.4237
14:08:39,10.8639,0.0451,-1.7463,94.8561,51.8359,-0.5087,False,,0.5000,-0.0014,0.0000,,3.2679,119.2835,119.3282,,-0.5971,58.8924,58.8954
14:08:39,10.9080,0.0441,-1.7510,95.4332,51.9665,-0.5258,False,,0.5000,-0.0012,0.0000,,3.2733,118.0398,118.0852,,-0.5917,58.5385,58.5415
14:08:39,10.9504,0.0424,-1.7558,96.0116,52.0853,-0.5420,False,,0.4482,-0.0009,0.0000,,3.2788,116.7947,116.8407,,-0.5862,58.1834,58.1863
14:08:39,10.9944,0.0440,-1.7607,96.5911,52.1791,-0.5557,False,,0.3747,0.0000,0.0000,,3.2844,115.5485,115.5952,,-0.5807,57.8275,57.8304
14:08:39,11.0379,0.0435,-1.7658,97.1715,52.2543,-0.5669,False,,0.3453,0.0000,0.0000,,3.2899,114.3015,114.3488,,-0.5751,57.4702,57.4731
14:08:39,11.0800,0.0422,-1.7736,98.0435,52.3593,-0.5776,False,,0.3453,0.0008,0.0000,,3.2981,112.4295,112.4779,,-0.5669,56.9348,56.9377
14:08:39,11.1232,0.0432,-1.7788,98.6259,52.4290,-0.5809,False,,0.3453,0.0009,0.0000,,3.3035,111.1805,111.2296,,-0.5615,56.5755,56.5783
14:08:39,11.1635,0.0403,-1.7842,99.2090,52.4987,-0.5816,False,,0.3453,0.0009,0.0000,,3.3089,109.9307,109.9805,,-0.5561,56.2149,56.2177
14:08:39,11.2067,0.0432,-1.7895,99.7928,52.5684,-0.5802,False,,0.3453,0.0009,0.0000,,3.3142,108.6802,108.7307,,-0.5508,55.8552,55.8579
14:08:39,11.2499,0.0432,-1.7950,100.3775,52.6379,-0.5771,False,,0.3453,0.0009,0.0000,,3.3195,107.4289,107.4802,,-0.5455,55.4934,55.4961
14:08:39,11.2955,0.0457,-1.8005,100.9629,52.7040,-0.5726,False,,0.3306,0.0009,0.0000,,3.3248,106.1769,106.2289,,-0.5402,55.1301,55.1328
14:08:39,11.3415,0.0460,-1.8087,101.8420,52.7652,-0.5621,False,,0.2472,0.0014,0.0000,,3.3326,104.2977,104.3510,,-0.5324,54.5870,54.5896
14:08:39,11.3889,0.0474,-1.8141,102.4284,52.7792,-0.5505,False,,0.1688,0.0027,0.0000,,3.3375,103.0447,103.0987,,-0.5275,54.2229,54.2254
14:08:39,11.4336,0.0447,-1.8194,103.0148,52.7788,-0.5333,False,,0.1639,0.0037,0.0000,,3.3421,101.7916,101.8464,,-0.5230,53.8594,53.8620
14:08:40,11.4792,0.0455,-1.8245,103.6012,52.7795,-0.5105,False,,0.1737,0.0040,0.0000,,3.3462,100.5385,100.5942,,-0.5188,53.4968,53.4994
14:08:40,11.5225,0.0434,-1.8319,104.4809,52.7871,-0.4677,False,,0.1835,0.0039,0.0000,,3.3518,98.6588,98.7157,,-0.5132,52.9501,52.9525
14:08:40,11.5677,0.0452,-1.8366,105.0675,52.7954,-0.4351,False,,0.1933,0.0037,0.0000,,3.3551,97.4056,97.4634,,-0.5099,52.5874,52.5899
14:08:40,11.6102,0.0425,-1.8411,105.6542,52.8064,-0.4005,False,,0.1982,0.0035,0.0000,,3.3581,96.1522,96.2109,,-0.5069,52.2239,52.2264
14:08:40,11.6522,0.0419,-1.8454,106.2410,52.8194,-0.3648,False,,0.2031,0.0032,0.0000,,3.3609,94.8987,94.9582,,-0.5042,51.8603,51.8627
14:08:40,11.6959,0.0438,-1.8494,106.8280,52.8332,-0.3292,False,,0.2031,0.0027,0.0000,,3.3634,93.6451,93.7055,,-0.5016,51.4969,51.4993
14:08:40,11.7375,0.0416,-1.8533,107.4151,52.8470,-0.2945,False,,0.2031,0.0024,0.0000,,3.3658,92.3913,92.4526,,-0.4992,51.1329,51.1354
14:08:40,11.7799,0.0424,-1.8569,108.0024,52.8607,-0.2607,False,,0.2031,0.0024,0.0000,,3.3679,91.1373,91.1996,,-0.4971,50.7704,50.7729
14:08:40,11.8233,0.0434,-1.8618,108.8837,52.8833,-0.2113,False,,0.2080,0.0024,0.0000,,3.3708,89.2561,89.3197,,-0.4943,50.2241,50.2265
14:08:40,11.8660,0.0427,-1.8647,109.4714,52.8989,-0.1792,False,,0.2080,0.0024,0.0000,,3.3723,88.0017,88.0663,,-0.4927,49.8589,49.8613
14:08:40,11.9100,0.0441,-1.8673,110.0593,52.9145,-0.1475,False,,0.2080,0.0024,0.0000,,3.3736,86.7472,86.8128,,-0.4914,49.4952,49.4976
14:08:40,11.9536,0.0436,-1.8697,110.6473,52.9301,-0.1162,False,,0.2080,0.0024,0.0000,,3.3746,85.4925,85.5590,,-0.4904,49.1300,49.1324
14:08:40,11.9945,0.0409,-1.8718,111.2356,52.9456,-0.0852,False,,0.2080,0.0024,0.0000,,3.3754,84.2376,84.3052,,-0.4896,48.7638,48.7663
14:08:40,12.0379,0.0434,-1.8735,111.8240,52.9611,-0.0545,False,,0.2080,0.0024,0.0000,,3.3758,82.9825,83.0511,,-0.4892,48.3999,48.4024
14:08:40,12.0804,0.0425,-1.8756,112.7069,52.9844,-0.0087,False,,0.2080,0.0024,0.0000,,3.3760,81.0996,81.1698,,-0.4891,47.8508,47.8533
14:08:40,12.1234,0.0430,-1.8766,113.2958,52.9998,0.0212,False,,0.2080,0.0022,0.0000,,3.3757,79.8441,79.9154,,-0.4893,47.4849,47.4874
14:08:40,12.1642,0.0408,-1.8773,113.8848,53.0153,0.0497,False,,0.2080,0.0016,0.0000,,3.3752,78.5884,78.6608,,-0.4898,47.1198,47.1224
14:08:40,12.2077,0.0435,-1.8778,114.4740,53.0308,0.0754,False,,0.2080,0.0009,0.0000,,3.3746,77.3325,77.4061,,-0.4904,46.7529,46.7554
14:08:40,12.2500,0.0423,-1.8781,115.0633,53.0462,0.0970,False,,0.2080,0.0000,0.0000,,3.3740,76.0765,76.1513,,-0.4910,46.3862,46.3888
14:08:40,12.2905,0.0405,-1.8782,115.6529,53.0617,0.1137,False,,0.2080,-0.0006,0.0000,,3.3734,74.8203,74.8964,,-0.4917,46.0206,46.0232
14:08:40,12.3349,0.0444,-1.8781,116.2426,53.0771,0.1256,False,,0.2080,-0.0009,0.0000,,3.3728,73.5640,73.6413,,-0.4922,45.6532,45.6559
14:08:40,12.3778,0.0429,-1.8779,116.8324,53.0925,0.1334,False,,0.2080,-0.0009,0.0000,,3.3723,72.3075,72.3861,,-0.4928,45.2874,45.2901
14:08:40,12.4198,0.0420,-1.8776,117.4225,53.1079,0.1379,False,,0.2080,-0.0009,0.0000,,3.3717,71.0508,71.1307,,-0.4933,44.9208,44.9235
14:08:41,12.4629,0.0431,-1.8768,118.3079,53.1329,0.1396,False,,0.2129,-0.0009,0.0000,,3.3709,69.1654,69.2475,,-0.4942,44.3718,44.3746
14:08:41,12.5074,0.0445,-1.8761,118.8984,53.1523,0.1381,False,,0.2227,-0.0009,0.0000,,3.3703,67.9082,67.9918,,-0.4948,44.0048,44.0075
14:08:41,12.5510,0.0435,-1.8754,119.4892,53.1744,0.1349,False,,0.2276,-0.0009,0.0000,,3.3697,66.6508,66.7359,,-0.4953,43.6367,43.6395
14:08:41,12.5937,0.0427,-1.8746,120.0802,53.1973,0.1303,False,,0.2276,-0.0009,0.0000,,3.3691,65.3931,65.4798,,-0.4959,43.2694,43.2722
14:08:41,12.6343,0.0406,-1.8738,120.6714,53.2203,0.1246,False,,0.2276,-0.0009,0.0000,,3.3685,64.1352,64.2236,,-0.4965,42.9016,42.9044
14:08:41,12.6755,0.0412,-1.8729,121.2630,53.2431,0.1180,False,,0.2276,-0.0009,0.0000,,3.3679,62.8770,62.9671,,-0.4971,42.5325,42.5354
14:08:41,12.7186,0.0431,-1.8720,121.8547,53.2639,0.1106,False,,0.2178,-0.0009,0.0000,,3.3673,61.6186,61.7105,,-0.4977,42.1643,42.1672
14:08:41,12.7633,0.0447,-1.8707,122.7427,53.2825,0.0983,False,,0.1933,-0.0009,0.0000,,3.3665,59.7306,59.8254,,-0.4985,41.6113,41.6143
14:08:41,12.8074,0.0441,-1.8699,123.3347,53.2733,0.0895,False,,0.1051,-0.0009,0.0000,,3.3661,58.4720,58.5688,,-0.4990,41.2411,41.2442
14:08:41,12.8494,0.0421,-1.8690,123.9263,53.2279,0.0803,False,,0.0070,-0.0009,0.0000,,3.3656,57.2137,57.3126,,-0.4994,40.8741,40.8772
14:08:41,12.8928,0.0433,-1.8682,124.5172,53.1634,0.0709,False,,0.0000,-0.0009,0.0000,,3.3652,55.9562,56.0573,,-0.4998,40.5064,40.5094
14:08:41,12.9353,0.0425,-1.8675,125.1073,53.0976,0.0612,False,,0.0000,-0.0009,0.0000,,3.3649,54.6994,54.8028,,-0.5001,40.1379,40.1410
14:08:41,12.9790,0.0437,-1.8668,125.6968,53.0320,0.0513,False,,0.0000,-0.0009,0.0000,,3.3646,53.4433,53.5491,,-0.5004,39.7725,39.7756
14:08:41,13.0220,0.0430,-1.8659,126.5795,52.9336,0.0362,False,,0.0000,-0.0009,0.0000,,3.2387,51.5664,51.6681,,-0.5006,39.2243,39.2275
14:08:41,13.0627,0.0407,-1.8654,127.1671,52.8681,0.0259,False,,0.0000,-0.0009,0.0000,,3.2387,50.3122,50.4163,,-0.5007,38.8593,38.8625
14:08:41,13.1038,0.0411,-1.8650,127.7540,52.8027,0.0156,False,,0.0000,-0.0009,0.0000,,3.2387,49.0586,49.1654,,-0.5007,38.4959,38.4992
14:08:41,13.1452,0.0414,-1.8646,128.3402,52.7374,0.0052,False,,0.0000,-0.0009,0.0000,,3.2388,47.8059,47.9154,,-0.5006,38.1327,38.1360
14:08:41,13.1868,0.0416,-1.8644,128.9256,52.6722,-0.0053,False,,0.0000,-0.0009,0.0000,,2.8294,46.5803,46.6661,,-0.5004,37.7715,37.7748
14:08:41,13.2280,0.0412,-1.8642,129.5103,52.6070,-0.0157,False,,0.0000,-0.0009,0.0000,,2.8296,45.3288,45.4171,,-0.5002,37.4099,37.4133
14:08:41,13.2686,0.0406,-1.8641,130.0943,52.5419,-0.0263,False,,0.0000,-0.0009,0.0000,,2.8300,44.0781,44.1689,,-0.4998,37.0488,37.0521
14:08:41,13.3119,0.0433,-1.8641,130.6775,52.4769,-0.0369,False,,0.0000,-0.0009,0.0000,,2.8305,42.8281,42.9216,,-0.4993,36.6900,36.6934
14:08:41,13.3537,0.0418,-1.8643,131.2601,52.4120,-0.0475,False,,0.0000,-0.0009,0.0000,,2.8310,41.5789,41.6751,,-0.4988,36.3304,36.3339
14:08:41,13.3944,0.0407,-1.8645,131.8419,52.3472,-0.0580,False,,0.0000,-0.0009,0.0000,,2.8317,40.3303,40.4296,,-0.4981,35.9710,35.9744
14:08:41,13.4349,0.0405,-1.8648,132.4230,52.2824,-0.0687,False,,0.0000,-0.0009,0.0000,,2.8324,39.0825,39.1850,,-0.4973,35.6147,35.6182
14:08:42,13.4774,0.0424,-1.8652,133.0033,52.2177,-0.0793,False,,0.0000,-0.0009,0.0000,,2.8333,37.8354,37.9413,,-0.4965,35.2573,35.2608
14:08:42,13.5203,0.0430,-1.8660,133.8726,52.1208,-0.0952,False,,0.0000,-0.0009,0.0000,,2.8348,35.9661,36.0776,,-0.4950,34.7224,34.7259
14:08:42,13.5628,0.0424,-1.8667,134.4511,52.0564,-0.1058,False,,0.0000,-0.0009,0.0000,,2.8359,34.7207,34.8364,,-0.4939,34.3681,34.3717
14:08:42,13.6060,0.0433,-1.8674,135.0290,51.9919,-0.1164,False,,0.0000,-0.0009,0.0000,,2.8371,33.4762,33.5962,,-0.4927,34.0127,34.0163
14:08:42,13.6484,0.0423,-1.8683,135.6062,51.9276,-0.1270,False,,0.0000,-0.0009,0.0000,,2.8384,32.2323,32.3570,,-0.4913,33.6585,33.6621
14:08:42,13.6896,0.0413,-1.8693,136.1826,51.8634,-0.1376,False,,0.0000,-0.0009,0.0000,,2.8398,30.9891,31.1189,,-0.4899,33.3062,33.3098
14:08:42,13.7336,0.0440,-1.8703,136.7583,51.7992,-0.1482,False,,0.0000,-0.0009,0.0000,,2.8413,29.7466,29.8820,,-0.4884,32.9533,32.9569
14:08:42,13.7772,0.0436,-1.8715,137.3334,51.7496,-0.1588,False,,0.0659,-0.0009,0.0000,,2.8430,28.5048,28.6462,,-0.4867,32.6010,32.6046
14:08:42,13.8227,0.0456,-1.8735,138.1958,51.7599,-0.1747,False,,0.2325,-0.0009,0.0000,,2.8456,26.6423,26.7938,,-0.4841,32.0741,32.0778
14:08:42,13.8664,0.0436,-1.8749,138.7713,51.8176,-0.1854,False,,0.3698,-0.0009,0.0000,,2.6644,25.4254,25.5646,,-0.4822,31.7224,31.7260
14:08:42,13.9116,0.0452,-1.8765,139.3478,51.9103,-0.1961,False,,0.4286,-0.0009,0.0000,,2.6664,24.1821,24.3287,,-0.4802,31.3697,31.3733
14:08:42,13.9552,0.0437,-1.8782,139.9255,52.0173,-0.2068,False,,0.4482,-0.0009,0.0000,,2.6685,22.9378,23.0925,,-0.4781,31.0152,31.0189
14:08:42,13.9965,0.0413,-1.8800,140.5043,52.1286,-0.2177,False,,0.4531,-0.0009,0.0000,,2.6707,21.6922,21.8560,,-0.4758,30.6605,30.6642
14:08:42,14.0390,0.0425,-1.8819,141.0845,52.2406,-0.2285,False,,0.4531,-0.0009,0.0000,,2.6731,20.4453,20.6193,,-0.4734,30.3042,30.3079
14:08:42,14.0805,0.0414,-1.8849,141.9570,52.4085,-0.2449,False,,0.4531,-0.0009,0.0000,,2.6768,18.5727,18.7646,,-0.4697,29.7658,29.7695
14:08:42,14.1231,0.0427,-1.8871,142.5403,52.5202,-0.2558,False,,0.4531,-0.0009,0.0000,,2.6795,17.3227,17.5287,,-0.4671,29.4062,29.4099
14:08:42,14.1652,0.0420,-1.8894,143.1248,52.6318,-0.2668,False,,0.4531,-0.0009,0.0000,,2.6822,16.0714,16.2937,,-0.4643,29.0451,29.0488
14:08:42,14.2054,0.0402,-1.8918,143.7105,52.7432,-0.2779,False,,0.4531,-0.0009,0.0000,,2.6851,14.8190,15.0603,,-0.4614,28.6818,28.6855
14:08:42,14.2474,0.0420,-1.8943,144.2974,52.8545,-0.2889,False,,0.4531,-0.0009,0.0000,,2.6881,13.5653,13.8291,,-0.4584,28.3184,28.3221
14:08:42,14.2930,0.0456,-1.8970,144.8856,52.9656,-0.3000,False,,0.4531,-0.0009,0.0000,,2.6912,12.3104,12.6011,,-0.4553,27.9540,27.9577
14:08:42,14.3373,0.0443,-1.8997,145.4751,53.0767,-0.3111,False,,0.4531,-0.0009,0.0000,,2.6944,11.0542,11.3779,,-0.4521,27.5868,27.5905
14:08:42,14.3820,0.0447,-1.9041,146.3616,53.2490,-0.3279,False,,0.4678,-0.0009,0.0000,,2.6719,9.1726,9.5538,,-0.4470,27.0357,27.0394
14:08:42,14.4272,0.0452,-1.9071,146.9542,53.3725,-0.3386,False,,0.5000,-0.0006,0.0000,,2.5212,7.9554,8.3453,,-0.4435,26.6663,26.6700
14:08:43,14.4692,0.0420,-1.9103,147.5483,53.5012,-0.3485,False,,0.5000,-0.0004,0.0000,,2.5248,6.6945,7.1548,,-0.4399,26.2939,26.2976
14:08:43,14.5110,0.0419,-1.9135,148.1438,53.6297,-0.3570,False,,0.5000,0.0000,0.0000,,2.4232,5.4790,5.9910,,-0.4363,25.9226,25.9263
14:08:43,14.5541,0.0431,-1.9168,148.7408,53.7582,-0.3628,False,,0.5000,0.0006,0.0000,,2.4064,4.2265,4.8635,,-0.4328,25.5494,25.5530
14:08:43,14.5988,0.0446,-1.9201,149.3391,53.8864,-0.3649,False,,0.5000,0.0014,0.0000,,2.2412,3.0501,3.7850,,-0.4294,25.1728,25.1765
14:08:43,14.6431,0.0443,-1.9251,150.2393,54.0785,-0.3590,False,,0.5000,0.0022,0.0000,,1.8995,1.3944,2.3564,,-0.4247,24.6083,24.6119
14:08:43,14.6887,0.0456,-1.9284,150.8413,54.2064,-0.3490,False,,0.5000,0.0026,0.0000,,1.8161,0.3745,1.8543,,-0.4218,24.2296,24.2333
14:08:43,14.7320,0.0433,-1.9315,151.4446,54.3340,-0.3333,False,,0.5000,0.0035,0.0000,,1.5813,0.1311,1.5868,,-0.4193,23.8506,23.8543
14:08:43,14.7766,0.0446,-1.9346,152.0494,54.4615,-0.3092,False,,0.5000,0.0052,0.0000,,1.4473,0.0005,1.4473,,-0.4173,23.4693,23.4730
14:08:43,14.8225,0.0459,-1.9385,152.9592,54.6522,-0.2485,False,,0.5000,0.0081,0.0000,,1.3752,-0.0348,1.3757,,-0.4160,22.8953,22.8990
14:08:43,14.8681,0.0456,-1.9404,153.5675,54.7789,-0.1862,False,,0.5000,0.0120,0.0000,,3.0785,193.5772,193.6017,,-0.4167,22.5109,22.5148
14:08:43,14.9108,0.0427,-1.9417,154.1772,54.9050,-0.1001,False,,0.5000,0.0153,0.0000,,3.0761,192.3008,192.3254,,-0.4190,22.1245,22.1285
14:08:43,14.9548,0.0440,-1.9421,154.7883,55.0308,0.0114,False,,0.5000,0.0174,0.0000,,3.0718,191.0231,191.0477,,-0.4234,21.7381,21.7422
14:08:43,14.9974,0.0426,-1.9416,155.4008,55.1563,0.1457,False,,0.5000,0.0178,0.0000,,3.0655,189.7439,189.7686,,-0.4297,21.3478,21.3521
14:08:43,15.0402,0.0428,-1.9387,156.3221,55.3442,0.3816,False,,0.5000,0.0178,0.0000,,3.0526,187.8225,187.8474,,-0.4425,20.7608,20.7656
14:08:43,15.0843,0.0441,-1.9353,156.9381,55.4691,0.5571,False,,0.5000,0.0177,0.0000,,3.0418,186.5399,186.5647,,-0.4534,20.3701,20.3751
14:08:43,15.1304,0.0461,-1.9306,157.5555,55.5937,0.7437,False,,0.5000,0.0175,0.0000,,3.0291,185.2560,185.2808,,-0.4660,19.9767,19.9821
14:08:43,15.1759,0.0455,-1.9245,158.1742,55.7180,0.9383,False,,0.5000,0.0169,0.0000,,3.0148,183.9707,183.9954,,-0.4804,19.5809,19.5868
14:08:43,15.2211,0.0452,-1.9126,159.1048,55.9039,1.2374,False,,0.5000,0.0158,0.0000,,2.9901,182.0403,182.0648,,-0.5050,18.9879,18.9946
14:08:43,15.2656,0.0445,-1.9027,159.7269,56.0277,1.4364,False,,0.5000,0.0140,0.0000,,2.9717,180.7517,180.7761,,-0.5234,18.5886,18.5960
14:08:43,15.3087,0.0431,-1.8912,160.3503,56.1513,1.6301,False,,0.5000,0.0122,0.0000,,2.9520,179.4618,179.4861,,-0.5432,18.1872,18.1953
14:08:43,15.3510,0.0422,-1.8781,160.9751,56.2748,1.8154,False,,0.5000,0.0106,0.0000,,2.9310,178.1706,178.1947,,-0.5641,17.7865,17.7955
14:08:43,15.3957,0.0448,-1.8634,161.6013,56.3980,1.9905,False,,0.5000,0.0093,0.0000,,2.9089,176.8780,176.9019,,-0.5863,17.3831,17.3930
14:08:44,15.4398,0.0441,-1.8471,162.2287,56.5212,2.1547,False,,0.5000,0.0083,0.0000,,2.8856,175.5841,175.6078,,-0.4279,16.9810,16.9864
14:08:44,15.4867,0.0469,-1.8196,163.1724,56.7055,2.3817,False,,0.5000,0.0077,0.0000,,2.8485,173.6408,173.6642,,-0.2403,16.3794,16.3811
14:08:44,15.5330,0.0463,-1.7993,163.8031,56.8282,2.5213,False,,0.5000,0.0070,0.0000,,2.8223,172.3436,172.3667,,-0.2665,15.9720,15.9742
14:08:44,15.5804,0.0474,-1.7659,164.7517,57.0122,2.7150,False,,0.5000,0.0067,0.0000,,2.7806,170.3954,170.4181,,-0.3082,15.3554,15.3585
14:08:44,15.6240,0.0436,-1.7417,165.3858,57.1347,2.8340,False,,0.5000,0.0058,0.0000,,2.7514,169.0949,169.1173,,-0.3374,14.9453,14.9491
14:08:44,15.6670,0.0429,-1.7161,166.0211,57.2573,2.9433,False,,0.5000,0.0045,0.0000,,2.7211,167.7931,167.8152,,-0.3677,14.5322,14.5369
14:08:44,15.7101,0.0431,-1.6891,166.6577,57.3800,3.0406,False,,0.5000,0.0027,0.0000,,2.6900,166.4900,166.5117,,-0.3987,14.1159,14.1215
14:08:44,15.7532,0.0431,-1.6610,167.2957,57.5027,3.1221,False,,0.5000,0.0000,0.0000,,2.6585,165.1855,165.2069,,-0.4303,13.7007,13.7074
14:08:44,15.7980,0.0448,-1.6319,167.9350,57.6256,3.1854,False,,0.5000,-0.0020,0.0000,,2.6266,163.8797,163.9008,,-0.4621,13.2859,13.2939
14:08:44,15.8431,0.0451,-1.5865,168.8964,57.8097,3.2458,False,,0.5000,-0.0035,0.0000,,2.5787,161.9184,161.9390,,-0.5101,12.6582,12.6685
14:08:44,15.8854,0.0423,-1.5553,169.5390,57.9324,3.2660,False,,0.5000,-0.0040,0.0000,,2.5466,160.6092,160.6294,,-0.5421,12.2386,12.2506
14:08:44,15.9289,0.0435,-1.5234,170.1829,58.0551,3.2731,False,,0.5000,-0.0040,0.0000,,2.5144,159.2986,159.3185,,-0.5744,11.8196,11.8335
14:08:44,15.9692,0.0403,-1.4908,170.8281,58.1776,3.2694,False,,0.5000,-0.0040,0.0000,,2.4820,157.9866,158.0061,,-0.6068,11.3958,11.4119
14:08:44,16.0134,0.0442,-1.4578,171.4747,58.3001,3.2568,False,,0.5000,-0.0040,0.0000,,2.4494,156.6733,156.6925,,-0.6393,10.9702,10.9888
14:08:44,16.0578,0.0443,-1.4243,172.1227,58.4220,3.2368,False,,0.4972,-0.0040,0.0000,,2.4168,155.3587,155.3775,,-0.6720,10.5476,10.5690
14:08:44,16.1010,0.0432,-1.3734,173.0971,58.6018,3.1958,False,,0.4923,-0.0040,0.0000,,2.3677,153.3842,153.4024,,-0.7211,9.9093,9.9355
14:08:44,16.1456,0.0446,-1.3392,173.7483,58.7200,3.1624,False,,0.4874,-0.0040,0.0000,,2.3349,152.0661,152.0841,,-0.7539,9.4805,9.5104
14:08:44,16.1874,0.0418,-1.3049,174.4008,58.8321,3.1253,False,,0.4629,-0.0040,0.0000,,2.3021,150.7469,150.7645,,-0.7866,9.0533,9.0874
14:08:44,16.2321,0.0447,-1.2705,175.0544,58.9345,3.0849,False,,0.4384,-0.0041,0.0000,,2.2695,149.4265,149.4437,,-0.8193,8.6232,8.6620
14:08:44,16.2763,0.0442,-1.2361,175.7091,59.0194,3.0408,False,,0.3747,-0.0046,0.0000,,2.2370,148.1050,148.1219,,-0.8518,8.1898,8.2339
14:08:44,16.3181,0.0418,-1.2019,176.3645,59.0687,2.9916,False,,0.2570,-0.0056,0.0000,,2.2049,146.7828,146.7994,,-0.8839,7.7583,7.8085
14:08:44,16.3636,0.0455,-1.1512,177.3477,59.0578,2.9063,False,,0.1247,-0.0064,0.0000,,2.1578,144.7994,144.8155,,-0.9310,7.1129,7.1735
14:08:44,16.4081,0.0445,-1.1179,178.0027,59.0183,2.8424,False,,0.0463,-0.0068,0.0000,,2.1272,143.4776,143.4933,,-0.9616,6.6806,6.7495
14:08:45,16.4528,0.0448,-1.0850,178.6572,58.9565,2.7736,False,,0.0119,-0.0068,0.0000,,2.0972,142.1563,142.1718,,-0.9916,6.2502,6.3283
14:08:45,16.4970,0.0442,-1.0527,179.3109,58.8857,2.7008,False,,0.0000,-0.0068,0.0000,,2.0680,140.8357,140.8509,,-1.0208,5.8224,5.9112
14:08:45,16.5413,0.0443,-1.0053,180.2899,58.7762,2.5855,False,,0.0000,-0.0068,0.0000,,2.0255,138.8564,138.8712,,-1.0633,5.1767,5.2847
14:08:45,16.5848,0.0435,-0.9745,180.9417,58.7032,2.5048,False,,0.0000,-0.0071,0.0000,,1.9981,137.5378,137.5524,,-1.0907,4.7478,4.8715
14:08:45,16.6284,0.0436,-0.9445,181.5926,58.6303,2.4201,False,,0.0000,-0.0079,0.0000,,1.9717,136.2200,136.2343,,-1.0982,4.3273,4.4645
14:08:45,16.6723,0.0439,-0.9152,182.2428,58.5573,2.3308,False,,0.0000,-0.0083,0.0000,,1.9462,134.9030,134.9171,,-1.0834,3.9106,4.0579
14:08:45,16.7146,0.0423,-0.8868,182.8922,58.4844,2.2375,False,,0.0000,-0.0083,0.0000,,1.9218,133.5868,133.6006,,-1.0996,3.4861,3.6554
14:08:45,16.7598,0.0452,-0.8593,183.5408,58.4116,2.1412,False,,0.0000,-0.0081,0.0000,,1.8984,132.2713,132.2849,,-1.1231,3.0644,3.2637
14:08:45,16.8049,0.0450,-0.8197,184.5124,58.3024,1.9936,False,,0.0000,-0.0078,0.0000,,1.8650,130.2995,130.3129,,-1.1565,2.4285,2.6898
14:08:45,16.8495,0.0447,-0.7945,185.1591,58.2297,1.8944,False,,0.0000,-0.0074,0.0000,,1.8440,128.9860,128.9991,,-1.1396,2.0241,2.3229
14:08:45,16.8931,0.0436,-0.7702,185.8050,58.1571,1.7955,False,,0.0000,-0.0072,0.0000,,1.8239,127.6732,127.6862,,-1.0638,1.6542,1.9668
14:08:45,16.9366,0.0435,-0.7469,186.4502,58.0845,1.6969,False,,0.0000,-0.0072,0.0000,,1.8048,126.3612,126.3741,,-0.9264,1.3439,1.6323
14:08:45,16.9798,0.0432,-0.7246,187.0946,58.0119,1.5985,False,,0.0000,-0.0072,0.0000,,1.7867,125.0500,125.0628,,-0.8399,0.9958,1.3027
14:08:45,17.0227,0.0428,-0.6931,188.0597,57.9032,1.4513,False,,0.0000,-0.0072,0.0000,,1.7615,123.0847,123.0973,,-0.8659,0.3699,0.9416
14:08:45,17.0665,0.0439,-0.6734,188.7022,57.8308,1.3534,False,,0.0000,-0.0072,0.0000,,1.7459,121.7754,121.7879,,-0.8315,0.1846,0.8517
14:08:45,17.1112,0.0447,-0.6547,189.3439,57.7585,1.2555,False,,0.0000,-0.0073,0.0000,,1.7315,120.4669,120.4794,,-0.7974,0.0942,0.8030
14:08:45,17.1550,0.0438,-0.6372,189.9848,57.6862,1.1571,False,,0.0000,-0.0076,0.0000,,1.7181,119.1593,119.1717,,-0.7648,0.0650,0.7676
14:08:45,17.2005,0.0455,-0.6130,190.9447,57.5777,1.0036,False,,0.0000,-0.0090,0.0000,,1.7004,117.1992,117.2115,,-0.7539,0.0171,0.7541
14:08:45,17.2457,0.0453,-0.5984,191.5837,57.5053,0.8938,False,,0.0000,-0.0109,0.0000,,1.6905,115.8934,115.9058,,-0.7610,0.0081,0.7611
14:08:45,17.2903,0.0446,-0.5851,192.2219,57.4327,0.7755,False,,0.0000,-0.0121,0.0000,,1.6822,114.5885,114.6008,,-0.7766,-0.0073,0.7767
14:08:45,17.3352,0.0449,-0.5731,192.8593,57.3603,0.6491,False,,0.0000,-0.0123,0.0000,,1.6756,113.2843,113.2967,,-0.7882,-0.0090,0.7882
14:08:45,17.3804,0.0452,-0.5576,193.8140,57.2517,0.4475,False,,0.0000,-0.0123,0.0000,,1.6687,111.3295,111.3420,,-1.8264,96.3246,96.3419
14:08:45,17.4262,0.0458,-0.5490,194.4495,57.1794,0.3068,False,,0.0000,-0.0123,0.0000,,1.6661,110.0273,110.0399,,-1.8290,95.9123,95.9298
14:08:46,17.4699,0.0437,-0.5419,195.0842,57.1071,0.1621,False,,0.0000,-0.0123,0.0000,,1.6651,108.7259,108.7387,,-1.8301,95.5016,95.5191
14:08:46,17.5177,0.0478,-0.5361,195.7181,57.0348,0.0143,False,,0.0000,-0.0122,0.0000,,1.6656,107.4253,107.4382,,-1.8295,95.0905,95.1081
14:08:46,17.5626,0.0448,-0.5302,196.6674,56.9265,-0.2101,False,,0.0000,-0.0117,0.0000,,1.6693,105.4759,105.4891,,-1.8258,94.4765,94.4942
14:08:46,17.6096,0.0470,-0.5281,197.2993,56.8545,-0.3589,False,,0.0000,-0.0107,0.0000,,1.6735,104.1774,104.1908,,-1.8216,94.0681,94.0858
14:08:46,17.6551,0.0455,-0.5274,197.9305,56.7827,-0.5037,False,,0.0000,-0.0094,0.0000,,1.6790,102.8796,102.8933,,-1.8162,93.6593,93.6769
14:08:46,17.6987,0.0436,-0.5282,198.5608,56.7110,-0.6432,False,,0.0000,-0.0087,0.0000,,1.6856,101.5827,101.5966,,-1.8095,93.2535,93.2711
14:08:46,17.7422,0.0435,-0.5319,199.5048,56.6035,-0.8440,False,,0.0000,-0.0087,0.0000,,1.6979,99.6388,99.6532,,-1.7973,92.6438,92.6613
14:08:46,17.7854,0.0432,-0.5361,200.1331,56.5320,-0.9733,False,,0.0000,-0.0087,0.0000,,1.7076,98.3438,98.3587,,-1.7875,92.2400,92.2573
14:08:46,17.8296,0.0442,-0.5418,200.7606,56.4605,-1.0997,False,,0.0000,-0.0087,0.0000,,1.7187,97.0497,97.0650,,-1.7764,91.8353,91.8525
14:08:46,17.8757,0.0461,-0.5489,201.3873,56.3891,-1.2232,False,,0.0000,-0.0084,0.0000,,1.7310,95.7565,95.7721,,-1.7641,91.4309,91.4479
14:08:46,17.9206,0.0449,-0.5620,202.3258,56.2824,-1.4018,False,,0.0000,-0.0078,0.0000,,1.7518,93.8181,93.8344,,-1.7434,90.8270,90.8437
14:08:46,17.9648,0.0442,-0.5724,202.9505,56.2115,-1.5151,False,,0.0000,-0.0068,0.0000,,1.7670,92.5268,92.5437,,-1.7281,90.4237,90.4402
14:08:46,18.0107,0.0458,-0.5841,203.5744,56.1408,-1.6224,False,,0.0000,-0.0060,0.0000,,1.7832,91.2364,91.2538,,-1.7119,90.0238,90.0401
14:08:46,18.0542,0.0436,-0.5969,204.1974,56.0703,-1.7227,False,,0.0000,-0.0051,0.0000,,1.8003,89.9468,89.9648,,-1.6948,89.6234,89.6394
14:08:46,18.0974,0.0431,-0.6109,204.8197,56.0000,-1.8159,False,,0.0000,-0.0047,0.0000,,1.8182,88.6579,88.6766,,-1.6769,89.2260,89.2418
14:08:46,18.1445,0.0472,-0.6339,205.7516,55.8947,-1.9435,False,,0.0000,-0.0042,0.0000,,1.8466,86.7262,86.7459,,-1.6485,88.6293,88.6447
14:08:46,18.1890,0.0445,-0.6505,206.3718,55.8248,-2.0208,False,,0.0000,-0.0037,0.0000,,1.8665,85.4394,85.4598,,-1.6286,88.2328,88.2478
14:08:46,18.2347,0.0457,-0.6680,206.9913,55.7550,-2.0918,False,,0.0000,-0.0032,0.0000,,1.8871,84.1534,84.1745,,-1.6081,87.8377,87.8524
14:08:46,18.2812,0.0465,-0.6960,207.9189,55.6508,-2.1853,False,,0.0000,-0.0022,0.0000,,1.9190,82.2258,82.2482,,-1.5761,87.2444,87.2586
14:08:46,18.3282,0.0470,-0.7156,208.5364,55.5814,-2.2387,False,,0.0000,-0.0014,0.0000,,1.9409,80.9418,80.9650,,-1.5542,86.8505,86.8644
14:08:46,18.3720,0.0438,-0.7360,209.1530,55.5123,-2.2844,False,,0.0000,-0.0006,0.0000,,1.9632,79.6585,79.6827,,-1.5319,86.4570,86.4705
14:08:46,18.4157,0.0437,-0.7570,209.7689,55.4433,-2.3230,False,,0.0000,-0.0004,0.0000,,1.9859,78.3760,78.4012,,-1.5092,86.0643,86.0776
14:08:47,18.4593,0.0436,-0.7786,210.3840,55.3745,-2.3557,False,,0.0000,-0.0004,0.0000,,1.5986,77.1040,77.1205,,-1.4862,85.6734,85.6863
14:08:47,18.5030,0.0437,-0.8121,211.3051,55.2714,-2.3960,False,,0.0000,-0.0004,0.0000,,1.6337,75.1826,75.2003,,-1.4510,85.0859,85.0983
14:08:47,18.5478,0.0448,-0.8350,211.9183,55.2029,-2.4175,False,,0.0000,0.0000,0.0000,,1.6576,73.9027,73.9212,,-1.4272,84.6967,84.7088
14:08:47,18.5913,0.0436,-0.8583,212.5306,55.1345,-2.4352,False,,0.0000,0.0000,0.0000,,1.6816,72.6235,72.6430,,-1.4031,84.3075,84.3191
14:08:47,18.6358,0.0445,-0.8821,213.1422,55.0662,-2.4488,False,,0.0000,0.0006,0.0000,,1.7059,71.3452,71.3656,,-1.3788,83.9208,83.9321
14:08:47,18.6816,0.0457,-0.9181,214.0581,54.9640,-2.4594,False,,0.0000,0.0015,0.0000,,1.7425,69.4292,69.4510,,-1.3423,83.3392,83.3500
14:08:47,18.7266,0.0450,-0.9424,214.6678,54.8960,-2.4595,False,,0.0000,0.0024,0.0000,,1.7668,68.1528,68.1757,,-1.3180,82.9525,82.9630
14:08:47,18.7715,0.0449,-0.9669,215.2767,54.8281,-2.4529,False,,0.0000,0.0032,0.0000,,1.7909,66.8773,66.9012,,-1.2938,82.5670,82.5771
14:08:47,18.8184,0.0469,-0.9914,215.8848,54.7603,-2.4392,False,,0.0000,0.0039,0.0000,,1.8148,65.6025,65.6276,,-1.2699,82.1804,82.1902
14:08:47,18.8634,0.0450,-1.0280,216.7956,54.6587,-2.4047,False,,0.0000,0.0047,0.0000,,1.8500,63.6919,63.7187,,-1.2347,81.6056,81.6149
14:08:47,18.9069,0.0435,-1.0524,217.4019,54.5911,-2.3731,False,,0.0000,0.0052,0.0000,,1.8730,62.4191,62.4472,,-1.2118,81.2217,81.2307
14:08:47,18.9506,0.0437,-1.0765,218.0074,54.5235,-2.3356,False,,0.0000,0.0052,0.0000,,1.8956,61.1471,61.1764,,-1.1892,80.8390,80.8478
14:08:47,18.9946,0.0441,-1.1005,218.6122,54.4561,-2.2931,False,,0.0000,0.0052,0.0000,,1.9178,59.8758,59.9065,,-1.1670,80.4578,80.4662
14:08:47,19.0383,0.0436,-1.1243,219.2162,54.3887,-2.2466,False,,0.0000,0.0052,0.0000,,1.9396,58.6054,58.6374,,-1.1452,80.0762,80.0844
14:08:47,19.0822,0.0440,-1.1594,220.1209,54.2877,-2.1706,False,,0.0000,0.0052,0.0000,,1.9715,56.7011,56.7353,,-1.1133,79.5079,79.5157
14:08:47,19.1272,0.0449,-1.1824,220.7231,54.2205,-2.1162,False,,0.0000,0.0055,0.0000,,1.9922,55.4325,55.4683,,-1.0927,79.1287,79.1362
14:08:47,19.1711,0.0439,-1.2049,221.3246,54.1533,-2.0583,False,,0.0000,0.0061,0.0000,,2.0123,54.1646,54.2020,,-1.0726,78.7512,78.7585
14:08:47,19.2150,0.0439,-1.2270,221.9253,54.0861,-1.9958,False,,0.0000,0.0068,0.0000,,2.0317,52.8976,52.9366,,-1.0531,78.3738,78.3809
14:08:47,19.2590,0.0439,-1.2485,222.5253,54.0190,-1.9282,False,,0.0000,0.0074,0.0000,,2.0504,51.6313,51.6720,,-1.0345,77.9958,78.0027
14:08:47,19.3016,0.0426,-1.2797,223.4240,53.9183,-1.8188,False,,0.0000,0.0074,0.0000,,2.0770,49.7332,49.7766,,-1.0079,77.4304,77.4370
14:08:47,19.3477,0.0461,-1.2998,224.0222,53.8513,-1.7417,False,,0.0000,0.0073,0.0000,,2.0938,48.4688,48.5140,,-0.9912,77.0542,77.0606
14:08:47,19.3926,0.0449,-1.3192,224.6196,53.7844,-1.6625,False,,0.0000,0.0070,0.0000,,2.1098,47.2051,47.2522,,-0.9751,76.6804,76.6866
14:08:48,19.4373,0.0447,-1.3379,225.2164,53.7175,-1.5823,False,,0.0000,0.0067,0.0000,,2.1251,45.9421,45.9913,,-0.9598,76.3067,76.3128
14:08:48,19.4819,0.0446,-1.3647,226.1102,53.6174,-1.4638,False,,0.0000,0.0058,0.0000,,2.1470,44.0490,44.1013,,-0.9380,75.7497,75.7555
14:08:48,19.5279,0.0460,-1.3818,226.7051,53.5508,-1.3879,False,,0.0000,0.0050,0.0000,,2.1608,42.7879,42.8424,,-0.9242,75.3776,75.3833
14:08:48,19.5735,0.0456,-1.3982,227.2994,53.4842,-1.3159,False,,0.0000,0.0042,0.0000,,2.1742,41.5274,41.5843,,-0.9108,75.0068,75.0123
14:08:48,19.6169,0.0434,-1.4140,227.8929,53.4178,-1.2480,False,,0.0000,0.0039,0.0000,,2.1871,40.2676,40.3270,,-0.8979,74.6373,74.6427
14:08:48,19.6582,0.0413,-1.4291,228.4856,53.3514,-1.1837,False,,0.0000,0.0039,0.0000,,2.1995,39.0085,39.0705,,-0.8855,74.2665,74.2718
14:08:48,19.6993,0.0411,-1.4436,229.0777,53.2851,-1.1223,False,,0.0000,0.0039,0.0000,,2.2114,37.7502,37.8149,,-0.8737,73.8960,73.9011
14:08:48,19.7431,0.0438,-1.4640,229.9644,53.1858,-1.0345,False,,0.0000,0.0039,0.0000,,2.2282,35.8640,35.9331,,-0.8570,73.3429,73.3479
14:08:48,19.7887,0.0456,-1.4769,230.5547,53.1197,-0.9782,False,,0.0000,0.0039,0.0000,,2.2386,34.6074,34.6797,,-0.8465,72.9747,72.9796
14:08:48,19.8329,0.0442,-1.4891,231.1443,53.0536,-0.9234,False,,0.0000,0.0039,0.0000,,2.2485,33.3515,33.4272,,-0.8366,72.6084,72.6133
14:08:48,19.8776,0.0447,-1.5006,231.7331,52.9877,-0.8698,False,,0.0000,0.0039,0.0000,,2.2578,32.0963,32.1756,,-0.8274,72.2433,72.2480
14:08:48,19.9214,0.0439,-1.5168,232.6150,52.8890,-0.7912,False,,0.0000,0.0039,0.0000,,2.2707,30.2149,30.3001,,-0.8145,71.6970,71.7016
14:08:48,19.9657,0.0442,-1.5269,233.2020,52.8233,-0.7397,False,,0.0000,0.0039,0.0000,,2.2786,28.9616,29.0511,,-0.8066,71.3324,71.3370
14:08:48,20.0087,0.0430,-1.5363,233.7883,52.7577,-0.6889,False,,0.0000,0.0039,0.0000,,2.2859,27.7089,27.8030,,-0.7993,70.9693,70.9738
14:08:48,20.0523,0.0436,-1.5452,234.3739,52.6922,-0.6386,False,,0.0000,0.0039,0.0000,,2.2926,26.4570,26.5561,,-0.7926,70.6072,70.6116
14:08:48,20.0949,0.0426,-1.5535,234.9587,52.6267,-0.5887,False,,0.0000,0.0039,0.0000,,2.2989,25.2058,25.3104,,-0.7864,70.2447,70.2491
14:08:48,20.1405,0.0457,-1.5650,235.8347,52.5287,-0.5146,False,,0.0000,0.0039,0.0000,,2.3072,23.3303,23.4441,,-0.7782,69.7038,69.7081
14:08:48,20.1881,0.0475,-1.5719,236.4177,52.4636,-0.4682,False,,0.0000,0.0025,0.0000,,2.3122,22.0808,22.2016,,-0.7731,69.3436,69.3480
14:08:48,20.2327,0.0447,-1.5785,237.0001,52.3985,-0.4282,False,,0.0000,0.0004,0.0000,,2.3171,20.8321,20.9605,,-0.7683,68.9831,68.9874
14:08:48,20.2795,0.0467,-1.5847,237.5817,52.3336,-0.3974,False,,0.0000,-0.0012,0.0000,,2.3220,19.5840,19.7211,,-0.7633,68.6257,68.6299
14:08:48,20.3240,0.0445,-1.5936,238.4528,52.2364,-0.3695,False,,0.0000,-0.0022,0.0000,,2.3297,17.7130,17.8656,,-0.7557,68.0886,68.0927
14:08:48,20.3675,0.0435,-1.5992,239.0327,52.1718,-0.3615,False,,0.0000,-0.0024,0.0000,,2.3350,16.4666,16.6313,,-0.7504,67.7315,67.7357
14:08:48,20.4107,0.0432,-1.6046,239.6118,52.1072,-0.3602,False,,0.0000,-0.0024,0.0000,,2.3403,15.2207,15.3996,,-0.7450,67.3761,67.3803
14:08:49,20.4541,0.0434,-1.6099,240.1902,52.0427,-0.3645,False,,0.0000,-0.0024,0.0000,,2.3457,13.9756,14.1711,,-0.7396,67.0201,67.0241
14:08:49,20.4962,0.0421,-1.6150,240.7679,51.9782,-0.3734,False,,0.0000,-0.0024,0.0000,,2.3512,12.7312,12.9465,,-0.7342,66.6667,66.6707
14:08:49,20.5393,0.0432,-1.6199,241.3449,51.9139,-0.3859,False,,0.0000,-0.0024,0.0000,,2.3567,11.4874,11.7267,,-0.7286,66.3131,66.3172
14:08:49,20.5861,0.0467,-1.6273,242.2090,51.8176,-0.4101,False,,0.0000,-0.0024,0.0000,,2.3651,9.6231,9.9095,,-0.7203,65.7839,65.7878
14:08:49,20.6291,0.0430,-1.6322,242.7842,51.7535,-0.4290,False,,0.0000,-0.0024,0.0000,,2.3707,8.3811,8.7099,,-0.7146,65.4325,65.4364
14:08:49,20.6739,0.0448,-1.6370,243.3587,51.6895,-0.4490,False,,0.0000,-0.0020,0.0000,,2.3765,7.1397,7.5249,,-0.7089,65.0808,65.0847
14:08:49,20.7198,0.0459,-1.6419,243.9325,51.6255,-0.4686,False,,0.0000,-0.0014,0.0000,,2.3821,5.8992,6.3620,,-0.7032,64.7306,64.7344
14:08:49,20.7633,0.0435,-1.6492,244.7918,51.5297,-0.4958,False,,0.0000,-0.0010,0.0000,,2.2854,4.0861,4.6818,,-0.6947,64.2065,64.2102
14:08:49,20.8102,0.0469,-1.6542,245.3638,51.4660,-0.5123,False,,0.0000,-0.0009,0.0000,,2.1463,2.9367,3.6374,,-0.6890,63.8568,63.8605
14:08:49,20.8569,0.0467,-1.6592,245.9351,51.4023,-0.5277,False,,0.0000,-0.0009,0.0000,,1.8331,1.9256,2.6586,,-0.6834,63.5101,63.5138
14:08:49,20.9033,0.0463,-1.6668,246.7907,51.3069,-0.5484,False,,0.0000,-0.0006,0.0000,,1.4822,0.3499,1.5230,,-0.6749,62.9888,62.9925
14:08:49,20.9496,0.0463,-1.6720,247.3602,51.2434,-0.5607,False,,0.0000,-0.0006,0.0000,,1.3238,0.1192,1.3292,,-0.6691,62.6426,62.6462
14:08:49,20.9939,0.0443,-1.6773,247.9290,51.1800,-0.5722,False,,0.0000,-0.0006,0.0000,,1.2026,0.0059,1.2026,,-0.6634,62.2979,62.3014
14:08:49,21.0386,0.0447,-1.6826,248.4972,51.1167,-0.5826,False,,0.0000,-0.0004,0.0000,,1.1319,-0.0220,1.1322,,-0.6576,61.9524,61.9559
14:08:49,21.0850,0.0464,-1.6908,249.3480,51.0218,-0.5964,False,,0.0000,-0.0004,0.0000,,3.2162,194.4963,194.5229,,-0.6488,61.4368,61.4402
14:08:49,21.1296,0.0446,-1.6964,249.9144,50.9587,-0.6048,False,,0.0000,-0.0004,0.0000,,3.2221,193.2632,193.2901,,-0.6429,61.0940,61.0974
14:08:49,21.1746,0.0450,-1.7020,250.4800,50.8956,-0.6125,False,,0.0000,-0.0004,0.0000,,3.2280,192.0309,192.0580,,-0.6370,60.7505,60.7538
14:08:49,21.2202,0.0457,-1.7106,251.3272,50.8012,-0.6219,False,,0.0000,0.0000,0.0000,,3.2370,190.1837,190.2113,,-0.6280,60.2394,60.2426
14:08:49,21.2670,0.0468,-1.7163,251.8911,50.7383,-0.6268,False,,0.0000,0.0000,0.0000,,3.2430,188.9531,188.9810,,-0.6220,59.8984,59.9017
14:08:49,21.3128,0.0458,-1.7222,252.4543,50.6755,-0.6290,False,,0.0000,0.0011,0.0000,,3.2489,187.7232,187.7513,,-0.6161,59.5584,59.5616
14:08:49,21.3577,0.0449,-1.7279,253.0168,50.6128,-0.6267,False,,0.0000,0.0022,0.0000,,3.2546,186.4940,186.5224,,-0.6104,59.2196,59.2227
14:08:49,21.4054,0.0477,-1.7365,253.8593,50.5189,-0.6138,False,,0.0000,0.0027,0.0000,,3.2626,184.6516,184.6804,,-0.6024,58.7112,58.7143
14:08:50,21.4504,0.0450,-1.7421,254.4201,50.4563,-0.5996,False,,0.0000,0.0029,0.0000,,3.2676,183.4241,183.4532,,-0.5974,58.3747,58.3777
14:08:50,21.4924,0.0420,-1.7476,254.9801,50.3939,-0.5817,False,,0.0000,0.0029,0.0000,,3.2723,182.1973,182.2267,,-0.5927,58.0378,58.0408
14:08:50,21.5358,0.0434,-1.7530,255.5395,50.3315,-0.5607,False,,0.0000,0.0029,0.0000,,3.2768,180.9712,181.0009,,-0.5882,57.7009,57.7039
14:08:50,21.5797,0.0440,-1.7582,256.0982,50.2691,-0.5372,False,,0.0000,0.0029,0.0000,,3.2811,179.7458,179.7758,,-0.5839,57.3666,57.3696
14:08:50,21.6238,0.0440,-1.7658,256.9350,50.1758,-0.4984,False,,0.0000,0.0029,0.0000,,3.2870,177.9090,177.9394,,-0.5780,56.8643,56.8672
14:08:50,21.6697,0.0459,-1.7707,257.4919,50.1137,-0.4706,False,,0.0000,0.0029,0.0000,,3.2907,176.6854,176.7160,,-0.5743,56.5309,56.5338
14:08:50,21.7130,0.0433,-1.7754,258.0482,50.0516,-0.4417,False,,0.0000,0.0029,0.0000,,3.2942,175.4624,175.4933,,-0.5708,56.1984,56.2013
14:08:50,21.7575,0.0445,-1.7799,258.6038,49.9896,-0.4118,False,,0.0000,0.0029,0.0000,,3.2974,174.2401,174.2713,,-0.5676,55.8654,55.8683
14:08:50,21.8023,0.0448,-1.7862,259.4359,49.8968,-0.3658,False,,0.0000,0.0029,0.0000,,3.3018,172.4080,172.4396,,-0.5632,55.3690,55.3718
14:08:50,21.8470,0.0447,-1.7901,259.9898,49.8350,-0.3354,False,,0.0000,0.0024,0.0000,,3.3044,171.1873,171.2192,,-0.5606,55.0384,55.0412
14:08:50,21.8908,0.0438,-1.7939,260.5430,49.7733,-0.3064,False,,0.0000,0.0019,0.0000,,3.3069,169.9675,169.9996,,-0.5581,54.7073,54.7102
14:08:50,21.9355,0.0447,-1.7974,261.0955,49.7116,-0.2796,False,,0.0000,0.0014,0.0000,,3.3093,168.7483,168.7807,,-0.5557,54.3792,54.3821
14:08:50,21.9798,0.0443,-1.8007,261.6473,49.6501,-0.2552,False,,0.0000,0.0012,0.0000,,3.3116,167.5298,167.5625,,-0.5534,54.0511,54.0539
14:08:50,22.0227,0.0429,-1.8053,262.4738,49.5579,-0.2227,False,,0.0000,0.0011,0.0000,,3.3148,165.7032,165.7364,,-0.5502,53.5576,53.5604
14:08:50,22.0674,0.0447,-1.8082,263.0239,49.4965,-0.2031,False,,0.0000,0.0011,0.0000,,3.3168,164.4865,164.5199,,-0.5482,53.2314,53.2342
14:08:50,22.1115,0.0442,-1.8108,263.5734,49.4352,-0.1849,False,,0.0000,0.0011,0.0000,,3.3187,163.2703,163.3040,,-0.5463,52.9052,52.9080
14:08:50,22.1562,0.0447,-1.8133,264.1221,49.3740,-0.1682,False,,0.0000,0.0009,0.0000,,3.3204,162.0548,162.0889,,-0.5446,52.5781,52.5809
14:08:50,22.2022,0.0460,-1.8166,264.9440,49.2823,-0.1462,False,,0.0000,0.0006,0.0000,,3.3228,160.2329,160.2674,,-0.5422,52.0917,52.0946
14:08:50,22.2474,0.0453,-1.8186,265.4911,49.2213,-0.1333,False,,0.0000,0.0006,0.0000,,3.3243,159.0192,159.0539,,-0.5407,51.7674,51.7702
14:08:50,22.2931,0.0456,-1.8205,266.0374,49.1603,-0.1218,False,,0.0000,0.0004,0.0000,,3.3257,157.8061,157.8412,,-0.5393,51.4453,51.4482
14:08:50,22.3380,0.0449,-1.8223,266.5832,49.0994,-0.1122,False,,0.0000,0.0000,0.0000,,3.3270,156.5937,156.6291,,-0.5380,51.1230,51.1259
14:08:50,22.3821,0.0441,-1.8247,267.4005,49.0083,-0.1011,False,,0.0000,0.0000,0.0000,,3.3290,154.7764,154.8122,,-0.5360,50.6409,50.6437
14:08:50,22.4275,0.0454,-1.8262,267.9445,48.9476,-0.0954,False,,0.0000,0.0000,0.0000,,3.3302,153.5656,153.6017,,-0.5348,50.3207,50.3235
14:08:51,22.4696,0.0421,-1.8275,268.4879,48.8870,-0.0908,False,,0.0000,0.0000,0.0000,,3.3314,152.3556,152.3920,,-0.5336,50.0002,50.0031
14:08:51,22.5142,0.0446,-1.8288,269.0306,48.8265,-0.0871,False,,0.0000,0.0000,0.0000,,3.3325,151.1462,151.1829,,-0.5325,49.6809,49.6838
14:08:51,22.5576,0.0434,-1.8300,269.5726,48.7660,-0.0840,False,,0.0000,0.0000,0.0000,,3.3336,149.9375,149.9745,,-0.5314,49.3621,49.3650
14:08:51,22.6005,0.0429,-1.8317,270.3844,48.6755,-0.0805,False,,0.0000,0.0000,0.0000,,3.3352,148.1257,148.1632,,-0.5298,48.8842,48.8870
14:08:51,22.6432,0.0427,-1.8328,270.9247,48.6152,-0.0787,False,,0.0000,0.0000,0.0000,,3.3361,146.9187,146.9565,,-0.5289,48.5680,48.5709
14:08:51,22.6859,0.0427,-1.8338,271.4644,48.5550,-0.0772,False,,0.0000,0.0000,0.0000,,3.3371,145.7123,145.7505,,-0.5279,48.2510,48.2538
14:08:51,22.7316,0.0457,-1.8347,272.0034,48.4949,-0.0760,False,,0.0000,0.0000,0.0000,,3.3380,144.5066,144.5452,,-0.5270,47.9348,47.9377
14:08:51,22.7776,0.0460,-1.8356,272.5417,48.4348,-0.0751,False,,0.0000,0.0000,0.0000,,3.3388,143.3016,143.3405,,-0.5262,47.6202,47.6231
14:08:51,22.8221,0.0444,-1.8369,273.3480,48.3449,-0.0740,False,,0.0000,0.0000,0.0000,,3.3401,141.4953,141.5347,,-0.5249,47.1494,47.1523
14:08:51,22.8673,0.0452,-1.8378,273.8846,48.2850,-0.0734,False,,0.0000,0.0000,0.0000,,3.3409,140.2920,140.3318,,-0.5241,46.8367,46.8396
14:08:51,22.9110,0.0437,-1.8386,274.4206,48.2252,-0.0729,False,,0.0000,0.0000,0.0000,,3.3417,139.0893,139.1294,,-0.5233,46.5248,46.5277
14:08:51,22.9538,0.0428,-1.8393,274.9560,48.1655,-0.0726,False,,0.0000,0.0000,0.0000,,3.3424,137.8873,137.9278,,-0.5226,46.2137,46.2167
14:08:51,22.9978,0.0440,-1.8401,275.4906,48.1059,-0.0723,False,,0.0000,0.0000,0.0000,,3.3432,136.6859,136.7268,,-0.5218,45.9017,45.9047
14:08:51,23.0413,0.0435,-1.8412,276.2914,48.0165,-0.0719,False,,0.0000,0.0000,0.0000,,3.3443,134.8851,134.9266,,-0.5207,45.4352,45.4381
14:08:51,23.0858,0.0445,-1.8420,276.8244,47.9571,-0.0717,False,,0.0000,0.0000,0.0000,,3.3450,133.6854,133.7272,,-0.5200,45.1249,45.1279
14:08:51,23.1299,0.0441,-1.8427,277.3568,47.8977,-0.0716,False,,0.0000,0.0000,0.0000,,3.3457,132.4863,132.5286,,-0.5193,44.8139,44.8169
14:08:51,23.1738,0.0439,-1.8434,277.8885,47.8384,-0.0714,False,,0.0000,0.0000,0.0000,,3.3464,131.2879,131.3306,,-0.5186,44.5063,44.5093
14:08:51,23.2179,0.0441,-1.8441,278.4196,47.7791,-0.0714,False,,0.0000,0.0000,0.0000,,3.3471,130.0902,130.1333,,-0.5179,44.1985,44.2015
14:08:51,23.2634,0.0455,-1.8451,279.2149,47.6904,-0.0712,False,,0.0000,0.0000,0.0000,,3.3481,128.2948,128.3385,,-0.5169,43.7384,43.7415
14:08:51,23.3080,0.0445,-1.8458,279.7443,47.6314,-0.0712,False,,0.0000,0.0000,0.0000,,3.3488,127.0988,127.1429,,-0.5162,43.4317,43.4348
14:08:51,23.3517,0.0438,-1.8465,280.2730,47.5724,-0.0711,False,,0.0000,0.0000,0.0000,,3.3495,125.9033,125.9479,,-0.5155,43.1263,43.1294
14:08:51,23.3962,0.0445,-1.8472,280.8011,47.5135,-0.0711,False,,0.0000,0.0000,0.0000,,3.3502,124.7085,124.7535,,-0.5148,42.8207,42.8238
14:08:52,23.4407,0.0445,-1.8482,281.5920,47.4252,-0.0710,False,,0.0000,0.0000,0.0000,,3.3512,122.9176,122.9633,,-0.5138,42.3629,42.3660
14:08:52,23.4859,0.0452,-1.8488,282.1185,47.3665,-0.0710,False,,0.0000,0.0000,0.0000,,3.3518,121.7245,121.7706,,-0.5132,42.0602,42.0633
14:08:52,23.5294,0.0434,-1.8495,282.6443,47.3078,-0.0710,False,,0.0000,0.0000,0.0000,,3.3525,120.5320,120.5786,,-0.5125,41.7582,41.7613
14:08:52,23.5742,0.0449,-1.8501,283.1694,47.2492,-0.0710,False,,0.0000,0.0000,0.0000,,3.3532,119.3401,119.3872,,-0.5118,41.4570,41.4601
14:08:52,23.6213,0.0471,-1.8511,283.9559,47.1615,-0.0710,False,,0.0000,0.0000,0.0000,,3.3541,117.5536,117.6015,,-0.5109,41.0067,41.0099
14:08:52,23.6671,0.0458,-1.8518,284.4795,47.1031,-0.0710,False,,0.0000,0.0000,0.0000,,3.3548,116.3634,116.4118,,-0.5102,40.7067,40.7099
14:08:52,23.7115,0.0444,-1.8524,285.0023,47.0447,-0.0710,False,,0.0000,0.0000,0.0000,,3.3554,115.1738,115.2227,,-0.5095,40.4059,40.4091
14:08:52,23.7552,0.0437,-1.8531,285.5246,46.9865,-0.0717,False,,0.0000,-0.0004,0.0000,,3.3561,113.9849,114.0343,,-0.5089,40.1069,40.1101
14:08:52,23.7989,0.0437,-1.8538,286.0462,46.9283,-0.0732,False,,0.0000,-0.0004,0.0000,,3.3569,112.7966,112.8465,,-0.5081,39.8078,39.8111
14:08:52,23.8418,0.0429,-1.8548,286.8273,46.8411,-0.0766,False,,0.0000,-0.0004,0.0000,,3.3581,111.0154,111.0662,,-0.5069,39.3596,39.3628
14:08:52,23.8874,0.0456,-1.8556,287.3473,46.7831,-0.0794,False,,0.0000,-0.0004,0.0000,,3.3589,109.8287,109.8801,,-0.5061,39.0634,39.0666
14:08:52,23.9304,0.0431,-1.8563,287.8666,46.7251,-0.0827,False,,0.0000,-0.0004,0.0000,,3.3598,108.6427,108.6947,,-0.5052,38.7670,38.7703
14:08:52,23.9741,0.0437,-1.8571,288.3853,46.6672,-0.0862,False,,0.0000,-0.0004,0.0000,,3.3607,107.4573,107.5099,,-0.5043,38.4724,38.4758
14:08:52,24.0176,0.0435,-1.8578,288.9034,46.6094,-0.0900,False,,0.0000,-0.0004,0.0000,,3.3617,106.2726,106.3258,,-0.5033,38.1777,38.1810
14:08:52,24.0629,0.0452,-1.8591,289.6792,46.5228,-0.0959,False,,0.0000,-0.0004,0.0000,,3.3631,104.4967,104.5508,,-0.5019,37.7371,37.7404
14:08:52,24.1099,0.0470,-1.8599,290.1957,46.4652,-0.1001,False,,0.0000,-0.0004,0.0000,,3.3642,103.3136,103.3684,,-0.5008,37.4443,37.4477
14:08:52,24.1528,0.0429,-1.8608,290.7115,46.4076,-0.1044,False,,0.0000,-0.0004,0.0000,,3.3652,102.1311,102.1866,,-0.4998,37.1515,37.1549
14:08:52,24.1954,0.0426,-1.8617,291.2266,46.3502,-0.1088,False,,0.0000,-0.0004,0.0000,,3.3663,100.9493,101.0054,,-0.4987,36.8602,36.8635
14:08:52,24.2382,0.0429,-1.8626,291.7411,46.2927,-0.1132,False,,0.0000,-0.0004,0.0000,,3.3674,99.7681,99.8249,,-0.4976,36.5682,36.5716
14:08:52,24.2818,0.0436,-1.8641,292.5117,46.2067,-0.1200,False,,0.0000,-0.0004,0.0000,,3.3692,97.9974,98.0553,,-0.4958,36.1311,36.1345
14:08:52,24.3259,0.0441,-1.8651,293.0247,46.1495,-0.1245,False,,0.0000,-0.0004,0.0000,,3.3704,96.8178,96.8765,,-0.4946,35.8424,35.8458
14:08:52,24.3672,0.0413,-1.8661,293.5370,46.0923,-0.1291,False,,0.0000,-0.0004,0.0000,,3.3716,95.6389,95.6983,,-0.4934,35.5527,35.5561
14:08:52,24.4108,0.0436,-1.8672,294.0486,46.0352,-0.1337,False,,0.0000,-0.0004,0.0000,,3.3729,94.4605,94.5207,,-0.4921,35.2638,35.2672
14:08:53,24.4535,0.0428,-1.8684,294.5596,45.9782,-0.1384,False,,0.0000,-0.0004,0.0000,,3.3742,93.2828,93.3438,,-0.4908,34.9764,34.9798
14:08:53,24.4962,0.0427,-1.8695,295.0700,45.9212,-0.1430,False,,0.0000,-0.0004,0.0000,,3.3756,92.1057,92.1676,,-0.4894,34.6890,34.6925
14:08:53,24.5401,0.0439,-1.8713,295.8344,45.8359,-0.1500,False,,0.0000,-0.0004,0.0000,,3.3777,90.3413,90.4044,,-0.4873,34.2609,34.2643
14:08:53,24.5851,0.0450,-1.8726,296.3432,45.7791,-0.1546,False,,0.0000,-0.0004,0.0000,,3.3792,89.1658,89.2298,,-0.4858,33.9764,33.9799
14:08:53,24.6271,0.0420,-1.8739,296.8514,45.7224,-0.1593,False,,0.0000,-0.0004,0.0000,,3.3807,87.9909,88.0559,,-0.4843,33.6921,33.6956
14:08:53,24.6712,0.0441,-1.8752,297.3589,45.6657,-0.1639,False,,0.0000,-0.0004,0.0000,,3.3822,86.8167,86.8826,,-0.4828,33.4068,33.4103
14:08:53,24.7153,0.0442,-1.8766,297.8659,45.6091,-0.1686,False,,0.0000,-0.0004,0.0000,,3.3838,85.6431,85.7099,,-0.4812,33.1223,33.1258
14:08:53,24.7568,0.0415,-1.8780,298.3722,45.5526,-0.1732,False,,0.0000,-0.0004,0.0000,,3.3854,84.4701,84.5379,,-0.4796,32.8393,32.8428
14:08:53,24.8015,0.0447,-1.8802,299.1304,45.4680,-0.1802,False,,0.0000,-0.0004,0.0000,,3.3878,82.7119,82.7812,,-0.4772,32.4129,32.4164
14:08:53,24.8472,0.0457,-1.8817,299.6352,45.4116,-0.1848,False,,0.0000,-0.0004,0.0000,,3.3896,81.5404,81.6109,,-0.4754,32.1318,32.1353
14:08:53,24.8903,0.0431,-1.8832,300.1393,45.3554,-0.1895,False,,0.0000,-0.0004,0.0000,,3.3913,80.3696,80.4412,,-0.4737,31.8512,31.8547
14:08:53,24.9346,0.0443,-1.8848,300.6428,45.2992,-0.1942,False,,0.0000,-0.0004,0.0000,,3.3931,79.1995,79.2721,,-0.4719,31.5727,31.5762
14:08:53,24.9793,0.0447,-1.8864,301.1456,45.2430,-0.1988,False,,0.0000,-0.0004,0.0000,,3.3949,78.0299,78.1038,,-0.4701,31.2933,31.2968
14:08:53,25.0247,0.0454,-1.8890,301.8987,45.1590,-0.2057,False,,0.0000,-0.0004,0.0000,,3.3977,76.2768,76.3524,,-0.4673,30.8763,30.8799
14:08:53,25.0683,0.0435,-1.8907,302.4000,45.1030,-0.2104,False,,0.0000,-0.0004,0.0000,,3.3996,75.1088,75.1857,,-0.4654,30.5977,30.6012
14:08:53,25.1127,0.0444,-1.8924,302.9007,45.0471,-0.2150,False,,0.0000,-0.0004,0.0000,,3.4016,73.9414,74.0196,,-0.4634,30.3185,30.3221
14:08:53,25.1555,0.0428,-1.8942,303.4008,44.9913,-0.2196,False,,0.0000,-0.0004,0.0000,,3.4036,72.7747,72.8542,,-0.4614,30.0418,30.0453
14:08:53,25.1983,0.0428,-1.8961,303.9002,44.9355,-0.2242,False,,0.0000,-0.0004,0.0000,,3.4056,71.6086,71.6895,,-0.4594,29.7664,29.7699
14:08:53,25.2442,0.0459,-1.8989,304.6482,44.8520,-0.2311,False,,0.0000,-0.0004,0.0000,,3.4087,69.8606,69.9437,,-0.4563,29.3510,29.3546
14:08:53,25.2857,0.0415,-1.9008,305.1461,44.7965,-0.2357,False,,0.0000,-0.0004,0.0000,,3.4108,68.6960,68.7806,,-0.4542,29.0771,29.0806
14:08:53,25.3271,0.0414,-1.9028,305.6433,44.7409,-0.2403,False,,0.0000,-0.0004,0.0000,,3.4130,67.5320,67.6182,,-0.4520,28.8033,28.8068
14:08:53,25.3691,0.0420,-1.9048,306.1400,44.6855,-0.2448,False,,0.0000,-0.0004,0.0000,,3.4152,66.3687,66.4565,,-0.4498,28.5298,28.5333
14:08:53,25.4140,0.0449,-1.9068,306.6361,44.6301,-0.2494,False,,0.0000,-0.0004,0.0000,,3.4174,65.2059,65.2954,,-0.4476,28.2575,28.2610
14:08:54,25.4555,0.0415,-1.9089,307.1315,44.5748,-0.2540,False,,0.0000,-0.0004,0.0000,,3.4197,64.0438,64.1350,,-0.4453,27.9854,27.9889
14:08:54,25.4984,0.0430,-1.9110,307.6263,44.5195,-0.2586,False,,0.0000,-0.0004,0.0000,,3.4220,62.8823,62.9753,,-0.4430,27.7141,27.7177
14:08:54,25.5401,0.0417,-1.9143,308.3673,44.4368,-0.2654,False,,0.0000,-0.0004,0.0000,,3.4256,61.1412,61.2371,,-0.4394,27.3086,27.3121
14:08:54,25.5845,0.0444,-1.9165,308.8606,44.3817,-0.2700,False,,0.0000,-0.0004,0.0000,,3.4280,59.9813,60.0792,,-0.4370,27.0400,27.0436
14:08:54,25.6274,0.0429,-1.9187,309.3532,44.3267,-0.2745,False,,0.0000,-0.0004,0.0000,,3.4304,58.8220,58.9219,,-0.4346,26.7701,26.7736
14:08:54,25.6711,0.0437,-1.9210,309.8453,44.2718,-0.2784,False,,0.0000,0.0000,0.0000,,3.4328,57.6632,57.7653,,-0.4321,26.4997,26.5033
14:08:54,25.7142,0.0431,-1.9233,310.3367,44.2169,-0.2814,False,,0.0000,0.0000,0.0000,,3.4353,56.5051,56.6095,,-0.4297,26.2319,26.2354
14:08:54,25.7582,0.0440,-1.9256,310.8275,44.1621,-0.2838,False,,0.0000,0.0000,0.0000,,3.4377,55.3476,55.4543,,-0.4273,25.9633,25.9668
14:08:54,25.7985,0.0404,-1.9279,311.3177,44.1073,-0.2858,False,,0.0000,0.0000,0.0000,,3.0304,54.2152,54.2998,,-0.4249,25.6935,25.6970
14:08:54,25.8429,0.0444,-1.9315,312.0519,44.0254,-0.2880,False,,0.0000,0.0000,0.0000,,3.0340,52.4810,52.5687,,-0.4213,25.2945,25.2980
14:08:54,25.8866,0.0436,-1.9338,312.5406,43.9708,-0.2891,False,,0.0000,0.0000,0.0000,,3.0364,51.3256,51.4153,,-0.4189,25.0301,25.0336
14:08:54,25.9303,0.0437,-1.9362,313.0287,43.9163,-0.2900,False,,0.0000,0.0000,0.0000,,3.0388,50.1708,50.2627,,-0.4165,24.7658,24.7693
14:08:54,25.9735,0.0433,-1.9386,313.5163,43.8618,-0.2906,False,,0.0000,0.0000,0.0000,,3.0412,49.0165,49.1108,,-0.4140,24.5011,24.5046
14:08:54,26.0156,0.0420,-1.9410,314.0032,43.8075,-0.2912,False,,0.0000,0.0000,0.0000,,3.0437,47.8630,47.9596,,-0.4116,24.2368,24.2403
14:08:54,26.0572,0.0416,-1.9434,314.4895,43.7532,-0.2917,False,,0.0000,0.0000,0.0000,,3.0461,46.7100,46.8092,,-0.4092,23.9747,23.9782
14:08:54,26.0981,0.0409,-1.9459,314.9752,43.6989,-0.2920,False,,0.0000,0.0000,0.0000,,3.0486,45.5576,45.6595,,-0.4067,23.7117,23.7152
14:08:54,26.1426,0.0445,-1.9495,315.7025,43.6177,-0.2924,False,,0.0000,0.0000,0.0000,,3.0522,43.8302,43.9363,,-0.4031,23.3190,23.3225
14:08:54,26.1848,0.0422,-1.9519,316.1867,43.5636,-0.2926,False,,0.0000,0.0000,0.0000,,3.0547,42.6793,42.7885,,-0.4006,23.0586,23.0620
14:08:54,26.2265,0.0417,-1.9544,316.6703,43.5096,-0.2928,False,,0.0000,0.0000,0.0000,,3.0571,41.5291,41.6414,,-0.3982,22.7971,22.8006
14:08:54,26.2693,0.0428,-1.9568,317.1533,43.4557,-0.2929,False,,0.0000,0.0000,0.0000,,3.0596,40.3794,40.4951,,-0.3957,22.5372,22.5407
14:08:54,26.3122,0.0429,-1.9593,317.6357,43.4018,-0.2930,False,,0.0000,0.0000,0.0000,,3.0620,39.2303,39.3496,,-0.3933,22.2791,22.2826
14:08:54,26.3554,0.0432,-1.9617,318.1175,43.3480,-0.2931,False,,0.0000,0.0000,0.0000,,3.0645,38.0818,38.2049,,-0.3908,22.0196,22.0230
14:08:54,26.3988,0.0433,-1.9642,318.5986,43.2943,-0.2932,False,,0.0000,0.0000,0.0000,,3.0669,36.9340,37.0611,,-0.3884,21.7612,21.7647
14:08:55,26.4402,0.0415,-1.9678,319.3193,43.2138,-0.2932,False,,0.0000,0.0000,0.0000,,3.0706,35.2133,35.3469,,-0.3847,21.3763,21.3798
14:08:55,26.4847,0.0445,-1.9703,319.7990,43.1602,-0.2932,False,,0.0000,0.0000,0.0000,,3.0730,34.0669,34.2052,,-0.3822,21.1183,21.1218
14:08:55,26.5276,0.0429,-1.9727,320.2781,43.1067,-0.2933,False,,0.0000,0.0000,0.0000,,3.0755,32.9211,33.0644,,-0.3798,20.8630,20.8665
14:08:55,26.5685,0.0409,-1.9752,320.7566,43.0533,-0.2933,False,,0.0000,0.0000,0.0000,,3.0779,31.7759,31.9246,,-0.3774,20.6081,20.6116
14:08:55,26.6094,0.0409,-1.9776,321.2346,42.9999,-0.2933,False,,0.0000,0.0000,0.0000,,3.0804,30.6313,30.7858,,-0.3749,20.3539,20.3573
14:08:55,26.6522,0.0428,-1.9801,321.7119,42.9466,-0.2933,False,,0.0000,0.0000,0.0000,,3.0828,29.4872,29.6480,,-0.3725,20.1002,20.1036
14:08:55,26.6951,0.0429,-1.9825,322.1886,42.8933,-0.2933,False,,0.0000,0.0000,0.0000,,3.0852,28.3438,28.5113,,-0.3700,19.8466,19.8501
14:08:55,26.7379,0.0428,-1.9849,322.6648,42.8401,-0.2934,False,,0.0000,0.0000,0.0000,,3.0877,27.2010,27.3757,,-0.3676,19.5946,19.5981
14:08:55,26.7831,0.0452,-1.9886,323.3779,42.7605,-0.2934,False,,0.0000,0.0000,0.0000,,3.0913,25.4879,25.6746,,-0.3640,19.2168,19.2202
14:08:55,26.8303,0.0472,-1.9910,323.8525,42.7075,-0.2934,False,,0.0000,0.0000,0.0000,,2.7423,24.3888,24.5425,,-0.3615,18.9647,18.9682
14:08:55,26.8743,0.0440,-1.9934,324.3266,42.6545,-0.2924,False,,0.0000,0.0006,0.0000,,2.7447,23.2480,23.4095,,-0.3592,18.7143,18.7178
14:08:55,26.9195,0.0452,-1.9958,324.8001,42.6016,-0.2896,False,,0.0000,0.0011,0.0000,,2.7469,22.1079,22.2779,,-0.3569,18.4641,18.4676
14:08:55,26.9644,0.0450,-1.9992,325.5092,42.5224,-0.2815,False,,0.0000,0.0014,0.0000,,2.7500,20.3987,20.5833,,-0.3538,18.0884,18.0918
14:08:55,27.0092,0.0447,-2.0014,325.9813,42.4697,-0.2739,False,,0.0000,0.0014,0.0000,,2.7519,19.2601,19.4557,,-0.3519,17.8411,17.8446
14:08:55,27.0550,0.0458,-2.0036,326.4527,42.4170,-0.2650,False,,0.0000,0.0014,0.0000,,2.7537,18.1220,18.3301,,-0.3501,17.5924,17.5959
14:08:55,27.0969,0.0419,-2.0057,326.9236,42.3644,-0.2552,False,,0.0000,0.0014,0.0000,,2.7554,16.9846,17.2066,,-0.3484,17.3434,17.3469
14:08:55,27.1393,0.0424,-2.0078,327.3938,42.3118,-0.2445,False,,0.0000,0.0014,0.0000,,2.7570,15.8477,16.0857,,-0.3468,17.0976,17.1011
14:08:55,27.1842,0.0449,-2.0107,328.0981,42.2332,-0.2274,False,,0.0000,0.0014,0.0000,,2.7592,14.1435,14.4101,,-0.3446,16.7275,16.7311
14:08:55,27.2288,0.0445,-2.0125,328.5670,42.1808,-0.2154,False,,0.0000,0.0014,0.0000,,2.7606,13.0080,13.2977,,-0.3433,16.4815,16.4851
14:08:55,27.2707,0.0420,-2.0143,329.0352,42.1285,-0.2031,False,,0.0000,0.0014,0.0000,,2.7618,11.8732,12.1902,,-0.3420,16.2375,16.2411
14:08:55,27.3134,0.0426,-2.0160,329.5028,42.0762,-0.1905,False,,0.0000,0.0014,0.0000,,2.7630,10.7390,11.0887,,-0.3409,15.9926,15.9962
14:08:55,27.3564,0.0430,-2.0176,329.9699,42.0240,-0.1777,False,,0.0000,0.0014,0.0000,,2.7641,9.6053,9.9951,,-0.3398,15.7482,15.7518
14:08:55,27.4002,0.0438,-2.0198,330.6694,41.9459,-0.1574,False,,0.0000,0.0016,0.0000,,2.7654,7.9059,8.3756,,-0.3384,15.3721,15.3758
14:08:56,27.4457,0.0455,-2.0212,331.1351,41.8938,-0.1427,False,,0.0000,0.0020,0.0000,,2.7661,6.7737,7.3167,,-0.3377,15.1283,15.1321
14:08:56,27.4913,0.0456,-2.0224,331.6001,41.8418,-0.1260,False,,0.0000,0.0026,0.0000,,2.6617,5.6891,6.2810,,-0.3373,14.8908,14.8946
14:08:56,27.5389,0.0476,-2.0234,332.0646,41.7899,-0.1059,False,,0.0000,0.0035,0.0000,,2.6351,4.5729,5.2778,,-0.3371,14.6567,14.6606
14:08:56,27.5874,0.0486,-2.0245,332.7602,41.7121,-0.0660,False,,0.0000,0.0049,0.0000,,2.3000,3.0901,3.8521,,-0.3377,14.2970,14.3010
14:08:56,27.6373,0.0499,-2.0248,333.2233,41.6602,-0.0311,False,,0.0000,0.0066,0.0000,,2.1515,2.0721,2.9871,,-0.3388,14.0585,14.0626
14:08:56,27.6854,0.0481,-2.0247,333.9167,41.5824,0.0388,False,,0.0000,0.0085,0.0000,,1.9443,0.5650,2.0247,,-0.3420,13.7003,13.7046
14:08:56,27.7324,0.0470,-2.0240,334.3784,41.5440,0.0981,False,,0.0512,0.0103,0.0000,,1.8347,0.1758,1.8431,,-0.3451,13.4588,13.4632
14:08:56,27.7788,0.0464,-2.0228,334.8398,41.5305,0.1694,False,,0.1247,0.0120,0.0000,,1.6172,0.0090,1.6173,,-0.3494,13.2199,13.2246
14:08:56,27.8265,0.0477,-2.0198,335.5322,41.5496,0.3007,False,,0.1835,0.0138,0.0000,,1.4809,-0.0471,1.4817,,-0.3580,12.8640,12.8690
14:08:56,27.8725,0.0460,-2.0169,335.9941,41.5829,0.4038,False,,0.2325,0.0151,0.0000,,3.4997,195.0204,195.0518,,-0.3652,12.6256,12.6308
14:08:56,27.9192,0.0467,-2.0132,336.4565,41.6313,0.5193,False,,0.2718,0.0162,0.0000,,3.4911,193.8914,193.9228,,-0.3739,12.3867,12.3923
14:08:56,27.9660,0.0468,-2.0060,337.1514,41.7364,0.7128,False,,0.3306,0.0166,0.0000,,3.4757,192.1966,192.2280,,-0.3893,12.0263,12.0326
14:08:56,28.0135,0.0475,-2.0001,337.6158,41.8420,0.8524,False,,0.4335,0.0166,0.0000,,3.4638,191.0656,191.0970,,-0.4011,11.7866,11.7935
14:08:56,28.0597,0.0462,-1.9932,338.0817,41.9750,0.9986,False,,0.5000,0.0166,0.0000,,3.4507,189.9332,189.9645,,-0.4143,11.5439,11.5513
14:08:56,28.1070,0.0473,-1.9808,338.7835,42.1861,1.2277,False,,0.5000,0.0166,0.0000,,3.4286,188.2316,188.2628,,-0.4364,11.1759,11.1844
14:08:56,28.1525,0.0455,-1.9711,339.2534,42.3281,1.3861,False,,0.5000,0.0170,0.0000,,3.4122,187.0953,187.1264,,-0.4528,10.9303,10.9397
14:08:56,28.1980,0.0455,-1.9603,339.7247,42.4697,1.5495,False,,0.5000,0.0177,0.0000,,3.3944,185.9575,185.9885,,-0.3822,10.6848,10.6917
14:08:56,28.2420,0.0440,-1.9416,340.4347,42.6815,1.8034,False,,0.5000,0.0180,0.0000,,3.3649,184.2480,184.2787,,-0.3231,10.3121,10.3172
14:08:56,28.2864,0.0444,-1.9275,340.9099,42.8224,1.9775,False,,0.5000,0.0180,0.0000,,3.3434,183.1064,183.1369,,-0.2847,10.0620,10.0660
14:08:56,28.3309,0.0445,-1.9120,341.3866,42.9631,2.1545,False,,0.5000,0.0180,0.0000,,3.3204,181.9633,181.9936,,-0.2472,9.8082,9.8113
14:08:56,28.3752,0.0443,-1.8952,341.8648,43.1036,2.3334,False,,0.5000,0.0177,0.0000,,3.2960,180.8188,180.8488,,-0.1627,9.5547,9.5561
14:08:56,28.4216,0.0464,-1.8673,342.5850,43.3139,2.6028,False,,0.5000,0.0172,0.0000,,3.2566,179.0992,179.1288,,-0.2020,9.1686,9.1709
14:08:57,28.4698,0.0482,-1.8469,343.0670,43.4540,2.7817,False,,0.5000,0.0166,0.0000,,3.2286,177.9509,177.9802,,-0.2300,8.9070,8.9100
14:08:57,28.5154,0.0455,-1.8250,343.5505,43.5939,2.9585,False,,0.5000,0.0159,0.0000,,3.1993,176.8011,176.8301,,-0.2593,8.6466,8.6505
14:08:57,28.5617,0.0463,-1.7897,344.2785,43.8035,3.2145,False,,0.5000,0.0143,0.0000,,3.1530,175.0738,175.1022,,-0.3055,8.2520,8.2577
14:08:57,28.6095,0.0479,-1.7645,344.7657,43.9434,3.3744,False,,0.5000,0.0112,0.0000,,3.1210,173.9203,173.9483,,-0.3375,7.9879,7.9950
14:08:57,28.6544,0.0449,-1.7381,345.2544,44.0833,3.5178,False,,0.5000,0.0070,0.0000,,3.0886,172.7654,172.7930,,-0.3700,7.7220,7.7308
14:08:57,28.6986,0.0442,-1.7107,345.7447,44.2253,3.6400,False,,0.5077,0.0035,0.0000,,3.0560,171.6088,171.6360,,-0.4025,7.4543,7.4652
14:08:57,28.7453,0.0467,-1.6680,346.4829,44.4457,3.7832,False,,0.5224,0.0014,0.0000,,3.0072,169.8710,169.8976,,-0.4514,7.0510,7.0654
14:08:57,28.7937,0.0484,-1.6384,346.9772,44.6043,3.8552,False,,0.5616,0.0000,0.0000,,2.9746,168.7103,168.7365,,-0.4840,6.7794,6.7966
14:08:57,28.8403,0.0466,-1.5926,347.7220,44.8636,3.9321,False,,0.5959,-0.0010,0.0000,,2.9255,166.9658,166.9914,,-0.5331,6.3703,6.3925
14:08:57,28.8887,0.0484,-1.5612,348.2210,45.0430,3.9648,False,,0.6057,-0.0025,0.0000,,2.8927,165.8003,165.8255,,-0.5659,6.0940,6.1202
14:08:57,28.9342,0.0455,-1.5293,348.7220,45.2257,3.9820,False,,0.6155,-0.0042,0.0000,,2.8600,164.6327,164.6575,,-0.5985,5.8153,5.8460
14:08:57,28.9806,0.0464,-1.4806,349.4773,45.5076,3.9797,False,,0.6302,-0.0056,0.0000,,2.8115,162.8774,162.9017,,-0.6471,5.3968,5.4355
14:08:57,29.0238,0.0431,-1.4477,349.9835,45.6995,3.9615,False,,0.6400,-0.0065,0.0000,,2.7794,161.7046,161.7285,,-0.6792,5.1130,5.1580
14:08:57,29.0714,0.0476,-1.4146,350.4918,45.8948,3.9317,False,,0.6498,-0.0068,0.0000,,2.7475,160.5296,160.5531,,-0.7110,4.8282,4.8802
14:08:57,29.1156,0.0442,-1.3814,351.0023,46.0911,3.8920,False,,0.6498,-0.0071,0.0000,,2.7160,159.3524,159.3755,,-0.7426,4.5425,4.6027
14:08:57,29.1611,0.0455,-1.3315,351.7721,46.3854,3.8158,False,,0.6498,-0.0077,0.0000,,2.6693,157.5823,157.6049,,-0.7893,4.1061,4.1813
14:08:57,29.2068,0.0456,-1.2983,352.2881,46.5812,3.7548,False,,0.6498,-0.0083,0.0000,,2.6387,156.3996,156.4218,,-0.8199,3.8133,3.9005
14:08:57,29.2517,0.0449,-1.2652,352.8062,46.7768,3.6869,False,,0.6498,-0.0084,0.0000,,2.6085,155.2146,155.2365,,-0.8159,3.5291,3.6222
14:08:57,29.2978,0.0461,-1.2323,353.3265,46.9709,3.6134,False,,0.6449,-0.0084,0.0000,,2.5787,154.0275,154.0491,,-0.8159,3.2393,3.3405
14:08:57,29.3430,0.0452,-1.1835,354.1111,47.2605,3.4946,False,,0.6449,-0.0084,0.0000,,2.5350,152.2426,152.2637,,-0.8557,2.7910,2.9192
14:08:57,29.3869,0.0439,-1.1514,354.6368,47.4532,3.4109,False,,0.6449,-0.0084,0.0000,,2.5064,151.0499,151.0707,,-0.8843,2.4894,2.6418
14:08:57,29.4342,0.0474,-1.1198,355.1647,47.6456,3.3234,False,,0.6449,-0.0089,0.0000,,2.4785,149.8551,149.8756,,-0.9123,2.1849,2.3677
14:08:58,29.4771,0.0429,-1.0886,355.6948,47.8376,3.2302,False,,0.6449,-0.0102,0.0000,,2.4513,148.6581,148.6783,,-0.9395,1.8789,2.1007
14:08:58,29.5230,0.0459,-1.0431,356.4940,48.1250,3.0791,False,,0.6449,-0.0107,0.0000,,2.4121,146.8585,146.8783,,-0.8681,1.4705,1.7076
14:08:58,29.5671,0.0441,-1.0135,357.0295,48.3163,2.9721,False,,0.6449,-0.0107,0.0000,,2.3871,145.6561,145.6756,,-0.7962,1.2209,1.4576
14:08:58,29.6120,0.0449,-0.9847,357.5672,48.5073,2.8611,False,,0.6449,-0.0107,0.0000,,2.3630,144.4515,144.4708,,-0.6646,1.0136,1.2121
14:08:58,29.6570,0.0450,-0.9566,358.1070,48.6980,2.7469,False,,0.6449,-0.0107,0.0000,,2.3398,143.2448,143.2639,,-0.6509,0.7236,0.9733
14:08:58,29.7040,0.0470,-0.9160,358.9208,48.9835,2.5707,False,,0.6449,-0.0107,0.0000,,2.3067,141.4306,141.4494,,-0.6849,0.2482,0.7285
14:08:58,29.7494,0.0454,-0.8900,359.4660,49.1734,2.4506,False,,0.6449,-0.0107,0.0000,,2.2858,140.2184,140.2371,,-0.6516,0.1577,0.6704
14:08:58,29.7958,0.0464,-0.8649,360.0134,49.3631,2.3288,False,,0.6449,-0.0107,0.0000,,2.2658,139.0042,139.0226,,-0.6283,0.0862,0.6341
14:08:58,29.8408,0.0451,-0.8289,360.8384,49.6450,2.1434,False,,0.6400,-0.0107,0.0000,,2.2378,137.1788,137.1970,,-0.5961,0.0594,0.5991
14:08:58,29.8843,0.0435,-0.8062,361.3911,49.8320,2.0182,False,,0.6400,-0.0107,0.0000,,2.2204,135.9592,135.9773,,-0.5906,0.0239,0.5911
14:08:58,29.9294,0.0451,-0.7845,361.9460,50.0188,1.8921,False,,0.6400,-0.0107,0.0000,,2.2040,134.7375,134.7555,,-0.5975,0.0228,0.5980
14:08:58,29.9734,0.0440,-0.7638,362.5029,50.2053,1.7650,False,,0.6400,-0.0107,0.0000,,2.1888,133.5137,133.5316,,-0.6064,0.0157,0.6066
14:08:58,30.0178,0.0445,-0.7442,363.0620,50.3915,1.6370,False,,0.6400,-0.0107,0.0000,,2.1746,132.2878,132.3057,,-0.6205,0.0092,0.6206
14:08:58,30.0638,0.0460,-0.7169,363.9044,50.6683,1.4435,False,,0.6351,-0.0107,0.0000,,2.1555,130.4451,130.4629,,-0.6473,0.0066,0.6474
14:08:58,30.1095,0.0457,-0.7001,364.4687,50.8507,1.3126,False,,0.6302,-0.0112,0.0000,,2.1442,129.2140,129.2318,,-0.6638,0.0048,0.6638
14:08:58,30.1551,0.0456,-0.6845,365.0349,51.0286,1.1779,False,,0.6155,-0.0123,0.0000,,2.1344,127.9809,127.9987,,-1.7307,96.2808,96.2963
14:08:58,30.2023,0.0471,-0.6635,365.8880,51.2873,0.9642,False,,0.6057,-0.0136,0.0000,,2.1225,126.1276,126.1455,,-1.7425,95.7620,95.7779
14:08:58,30.2487,0.0464,-0.6513,366.4591,51.4503,0.8134,False,,0.5714,-0.0144,0.0000,,2.1166,124.8897,124.9077,,-1.7484,95.4139,95.4299
14:08:58,30.2947,0.0460,-0.6404,367.0320,51.5931,0.6564,False,,0.5077,-0.0146,0.0000,,2.1125,123.6501,123.6682,,-1.7526,95.0658,95.0820
14:08:58,30.3409,0.0462,-0.6268,367.8939,51.7885,0.4118,False,,0.5000,-0.0146,0.0000,,2.1093,121.7881,121.8063,,-1.7558,94.5387,94.5550
14:08:58,30.3864,0.0455,-0.6196,368.4703,51.9023,0.2440,False,,0.4335,-0.0146,0.0000,,2.1092,120.5450,120.5634,,-1.7558,94.1860,94.2023
14:08:58,30.4313,0.0449,-0.6139,369.0478,51.9965,0.0733,False,,0.3943,-0.0146,0.0000,,2.1108,119.3008,119.3195,,-1.7542,93.8323,93.8487
14:08:59,30.4764,0.0451,-0.6098,369.6262,52.0853,-0.0992,False,,0.3992,-0.0144,0.0000,,2.1140,118.0556,118.0746,,-1.7510,93.4760,93.4924
14:08:59,30.5224,0.0461,-0.6066,370.4958,52.2209,-0.3603,False,,0.4041,-0.0143,0.0000,,2.1219,116.1861,116.2054,,-1.7432,92.9416,92.9579
14:08:59,30.5678,0.0453,-0.6065,371.0768,52.3140,-0.5347,False,,0.4139,-0.0138,0.0000,,2.1292,114.9384,114.9582,,-1.7359,92.5835,92.5998
14:08:59,30.6148,0.0470,-0.6079,371.6589,52.4096,-0.7080,False,,0.4188,-0.0133,0.0000,,2.1380,113.6898,113.7099,,-1.7270,92.2235,92.2396
14:08:59,30.6586,0.0439,-0.6110,372.2420,52.5070,-0.8796,False,,0.4237,-0.0130,0.0000,,2.1484,112.4400,112.4606,,-1.7166,91.8644,91.8804
14:08:59,30.7044,0.0458,-0.6188,373.1187,52.6541,-1.1336,False,,0.4237,-0.0128,0.0000,,2.1670,110.5635,110.5847,,-1.6981,91.3220,91.3378
14:08:59,30.7534,0.0489,-0.6260,373.7045,52.7519,-1.3006,False,,0.4237,-0.0125,0.0000,,2.1813,109.3112,109.3329,,-1.6837,90.9594,90.9749
14:08:59,30.8008,0.0475,-0.6399,374.5852,52.8987,-1.5445,False,,0.4237,-0.0116,0.0000,,2.2056,107.4307,107.4533,,-1.6595,90.4139,90.4291
14:08:59,30.8479,0.0470,-0.6512,375.1737,52.9965,-1.7011,False,,0.4237,-0.0104,0.0000,,2.2235,106.1757,106.1990,,-1.6415,90.0490,90.0640
14:08:59,30.8934,0.0455,-0.6640,375.7632,53.0943,-1.8502,False,,0.4237,-0.0090,0.0000,,2.2426,104.9197,104.9437,,-1.6224,89.6838,89.6984
14:08:59,30.9411,0.0477,-0.6859,376.6495,53.2411,-2.0574,False,,0.4237,-0.0078,0.0000,,2.2734,103.0337,103.0588,,-1.5917,89.1320,89.1462
14:08:59,30.9873,0.0463,-0.7023,377.2416,53.3389,-2.1842,False,,0.4237,-0.0066,0.0000,,2.2952,101.7751,101.8010,,-1.5699,88.7646,88.7784
14:08:59,31.0347,0.0474,-0.7201,377.8348,53.4367,-2.3014,False,,0.4237,-0.0058,0.0000,,2.3179,100.5154,100.5421,,-1.5471,88.3951,88.4086
14:08:59,31.0813,0.0467,-0.7491,378.7266,53.5833,-2.4595,False,,0.4237,-0.0050,0.0000,,1.9433,98.6328,98.6520,,-1.5113,87.8378,87.8508
14:08:59,31.1249,0.0435,-0.7701,379.3224,53.6810,-2.5544,False,,0.4237,-0.0045,0.0000,,1.9683,97.3698,97.3897,,-1.4864,87.4657,87.4784
14:08:59,31.1701,0.0452,-0.7922,379.9193,53.7787,-2.6409,False,,0.4237,-0.0037,0.0000,,1.9940,96.1058,96.1265,,-1.4606,87.0908,87.1031
14:08:59,31.2152,0.0451,-0.8153,380.5172,53.8765,-2.7184,False,,0.4237,-0.0027,0.0000,,2.0205,94.8408,94.8623,,-1.4342,86.7175,86.7294
14:08:59,31.2586,0.0433,-0.8394,381.1161,53.9710,-2.7845,False,,0.4090,-0.0009,0.0000,,2.0474,93.5748,93.5972,,-1.4072,86.3419,86.3533
14:08:59,31.3036,0.0450,-0.8771,382.0163,54.0992,-2.8565,False,,0.3845,0.0016,0.0000,,2.0881,91.6743,91.6980,,-1.3665,85.7763,85.7871
14:08:59,31.3499,0.0463,-0.9030,382.6174,54.1562,-2.8836,False,,0.2669,0.0047,0.0000,,2.1151,90.4063,90.4311,,-1.3395,85.3989,85.4094
14:08:59,31.3957,0.0459,-0.9292,383.2187,54.1623,-2.8903,False,,0.1198,0.0075,0.0000,,2.1417,89.1383,89.1640,,-1.3130,85.0203,85.0304
14:09:00,31.4425,0.0468,-0.9690,384.1199,54.0907,-2.8608,False,,0.0169,0.0096,0.0000,,2.1802,87.2373,87.2645,,-1.2745,84.4558,84.4654
14:09:00,31.4906,0.0481,-0.9955,384.7198,54.0264,-2.8175,False,,0.0000,0.0107,0.0000,,2.2049,85.9709,85.9992,,-1.2497,84.0790,84.0883
14:09:00,31.5354,0.0448,-1.0220,385.3189,53.9594,-2.7576,False,,0.0000,0.0111,0.0000,,2.2288,84.7054,84.7347,,-1.2258,83.7039,83.7128
14:09:00,31.5827,0.0473,-1.0614,386.2162,53.8591,-2.6422,False,,0.0000,0.0112,0.0000,,2.2633,82.8086,82.8395,,-1.1913,83.1411,83.1497
14:09:00,31.6275,0.0448,-1.0872,386.8136,53.7923,-2.5510,False,,0.0000,0.0115,0.0000,,2.2853,81.5451,81.5771,,-1.1694,82.7657,82.7739
14:09:00,31.6721,0.0446,-1.1126,387.4102,53.7255,-2.4497,False,,0.0000,0.0119,0.0000,,2.3064,80.2823,80.3154,,-1.1483,82.3915,82.3995
14:09:00,31.7175,0.0454,-1.1374,388.0061,53.6587,-2.3394,False,,0.0000,0.0122,0.0000,,2.3265,79.0203,79.0546,,-1.1282,82.0179,82.0256
14:09:00,31.7632,0.0457,-1.1733,388.8985,53.5584,-2.1590,False,,0.0000,0.0125,0.0000,,2.3548,77.1289,77.1648,,-1.1000,81.4594,81.4668
14:09:00,31.8094,0.0462,-1.1962,389.4926,53.4915,-2.0299,False,,0.0000,0.0130,0.0000,,2.3722,75.8687,75.9058,,-1.0825,81.0893,81.0965
14:09:00,31.8540,0.0446,-1.2181,390.0860,53.4246,-1.8950,False,,0.0000,0.0130,0.0000,,2.3885,74.6095,74.6477,,-1.0663,80.7199,80.7269
14:09:00,31.9003,0.0464,-1.2493,390.9748,53.3243,-1.6881,False,,0.0000,0.0117,0.0000,,2.4109,72.7218,72.7618,,-1.0440,80.1642,80.1710
14:09:00,31.9471,0.0467,-1.2688,391.5664,53.2577,-1.5541,False,,0.0000,0.0086,0.0000,,2.8349,71.4489,71.5051,,-1.0301,79.7953,79.8019
14:09:00,31.9937,0.0466,-1.2875,392.1573,53.1913,-1.4313,False,,0.0000,0.0053,0.0000,,2.8483,70.1912,70.2490,,-1.0167,79.4267,79.4332
14:09:00,32.0397,0.0460,-1.3053,392.7475,53.1331,-1.3241,False,,0.0365,0.0025,0.0000,,2.8617,68.9342,68.9936,,-1.0034,79.0589,79.0653
14:09:00,32.0863,0.0466,-1.3307,393.6320,53.0690,-1.1956,False,,0.0708,0.0006,0.0000,,2.8816,67.0496,67.1115,,-0.9834,78.5089,78.5151
14:09:00,32.1333,0.0470,-1.3467,394.2211,53.0335,-1.1288,False,,0.0855,0.0000,0.0000,,2.8948,65.7937,65.8574,,-0.9703,78.1445,78.1506
14:09:00,32.1771,0.0437,-1.3620,394.8099,53.0039,-1.0744,False,,0.1002,0.0000,0.0000,,2.9077,64.5382,64.6037,,-0.9573,77.7792,77.7851
14:09:00,32.2219,0.0448,-1.3837,395.6926,52.9655,-1.0112,False,,0.1051,0.0000,0.0000,,2.9267,62.6554,62.7237,,-0.9383,77.2318,77.2375
14:09:00,32.2656,0.0438,-1.3973,396.2807,52.9407,-0.9786,False,,0.1051,0.0000,0.0000,,2.9389,61.4006,61.4709,,-0.9261,76.8678,76.8734
14:09:00,32.3077,0.0420,-1.4104,396.8686,52.9159,-0.9520,False,,0.1051,0.0000,0.0000,,2.9509,60.1460,60.2183,,-0.9142,76.5028,76.5082
14:09:00,32.3540,0.0463,-1.4229,397.4563,52.8922,-0.9303,False,,0.1100,0.0000,0.0000,,2.9624,58.8916,58.9661,,-0.9026,76.1384,76.1438
14:09:00,32.3995,0.0456,-1.4349,398.0437,52.8695,-0.9126,False,,0.1100,0.0000,0.0000,,2.5638,57.6575,57.7145,,-0.8913,75.7749,75.7801
14:09:01,32.4497,0.0502,-1.4522,398.9243,52.8316,-0.8918,False,,0.1002,0.0000,0.0000,,2.5801,55.7770,55.8367,,-0.8749,75.2285,75.2336
14:09:01,32.4971,0.0474,-1.4632,399.5109,52.7854,-0.8832,False,,0.0070,-0.0012,0.0000,,2.7325,54.5180,54.5864,,-0.8642,74.8653,74.8703
14:09:01,32.5439,0.0468,-1.4794,400.3894,52.6888,-0.8818,False,,0.0000,-0.0024,0.0000,,2.7486,52.6394,52.7112,,-0.8481,74.3241,74.3289
14:09:01,32.5899,0.0460,-1.4900,400.9742,52.6236,-0.8892,False,,0.0000,-0.0034,0.0000,,2.3496,51.4081,51.4618,,-0.8372,73.9626,73.9673
14:09:01,32.6352,0.0453,-1.5005,401.5582,52.5585,-0.9036,False,,0.0000,-0.0039,0.0000,,2.3607,50.1573,50.2128,,-0.8261,73.6020,73.6066
14:09:01,32.6806,0.0454,-1.5163,402.4330,52.4609,-0.9368,False,,0.0000,-0.0042,0.0000,,2.3778,48.2823,48.3408,,-0.8089,73.0627,73.0672
14:09:01,32.7259,0.0453,-1.5268,403.0153,52.3960,-0.9652,False,,0.0000,-0.0042,0.0000,,2.3895,47.0331,47.0938,,-0.7972,72.7025,72.7068
14:09:01,32.7710,0.0451,-1.5374,403.5968,52.3312,-0.9977,False,,0.0000,-0.0042,0.0000,,2.4015,45.7847,45.8476,,-0.7852,72.3431,72.3473
14:09:01,32.8162,0.0451,-1.5480,404.1776,52.2664,-1.0335,False,,0.0000,-0.0042,0.0000,,2.4137,44.5370,44.6023,,-0.7730,71.9853,71.9894
14:09:01,32.8602,0.0440,-1.5643,405.0475,52.1694,-1.0915,False,,0.0000,-0.0040,0.0000,,2.4324,42.6667,42.7360,,-0.7543,71.4498,71.4538
14:09:01,32.9045,0.0444,-1.5754,405.6265,52.1048,-1.1311,False,,0.0000,-0.0033,0.0000,,2.4452,41.4208,41.4929,,-0.7415,71.0946,71.0985
14:09:01,32.9516,0.0471,-1.5866,406.2048,52.0404,-1.1693,False,,0.0000,-0.0024,0.0000,,2.4580,40.1755,40.2506,,-0.7287,70.7408,70.7446
14:09:01,32.9973,0.0457,-1.5980,406.7824,51.9760,-1.2036,False,,0.0000,-0.0012,0.0000,,2.4708,38.9310,39.0094,,-0.7158,70.3858,70.3894
14:09:01,33.0428,0.0455,-1.6154,407.6474,51.8795,-1.2468,False,,0.0000,-0.0006,0.0000,,2.4900,37.0657,37.1493,,-0.6967,69.8545,69.8580
14:09:01,33.0912,0.0484,-1.6271,408.2232,51.8153,-1.2708,False,,0.0000,-0.0006,0.0000,,2.5028,35.8231,35.9104,,-0.6839,69.5020,69.5054
14:09:01,33.1342,0.0430,-1.6391,408.7983,51.7512,-1.2917,False,,0.0000,-0.0006,0.0000,,2.5156,34.5812,34.6726,,-0.6710,69.1496,69.1529
14:09:01,33.1767,0.0425,-1.6512,409.3726,51.6871,-1.3103,False,,0.0000,-0.0006,0.0000,,2.5285,33.3401,33.4358,,-0.6582,68.7977,68.8009
14:09:01,33.2226,0.0460,-1.6697,410.2328,51.5912,-1.3338,False,,0.0000,-0.0004,0.0000,,2.5480,31.4797,31.5826,,-0.6387,68.2747,68.2777
14:09:01,33.2672,0.0446,-1.6822,410.8054,51.5273,-1.3464,False,,0.0000,0.0000,0.0000,,2.5610,30.2404,30.3486,,-0.6256,67.9249,67.9278
14:09:01,33.3125,0.0452,-1.6948,411.3772,51.4636,-1.3548,False,,0.0000,0.0012,0.0000,,2.5740,29.0018,29.1158,,-0.6126,67.5758,67.5786
14:09:01,33.3592,0.0467,-1.7074,411.9484,51.3999,-1.3575,False,,0.0000,0.0022,0.0000,,2.5867,27.7639,27.8842,,-0.5999,67.2280,67.2306
14:09:01,33.4044,0.0452,-1.7264,412.8038,51.3045,-1.3498,False,,0.0000,0.0029,0.0000,,2.6054,25.9085,26.0392,,-0.5812,66.7055,66.7080
14:09:02,33.4497,0.0453,-1.7390,413.3732,51.2410,-1.3376,False,,0.0000,0.0032,0.0000,,2.6175,24.6726,24.8110,,-0.5691,66.3603,66.3628
14:09:02,33.4945,0.0448,-1.7516,413.9418,51.1776,-1.3208,False,,0.0000,0.0032,0.0000,,2.6294,23.4373,23.5843,,-0.5573,66.0148,66.0171
14:09:02,33.5370,0.0424,-1.7641,414.5098,51.1142,-1.3001,False,,0.0000,0.0032,0.0000,,2.6410,22.2027,22.3593,,-0.5456,65.6701,65.6724
14:09:02,33.5807,0.0438,-1.7827,415.3605,51.0194,-1.2634,False,,0.0000,0.0032,0.0000,,2.6580,20.3523,20.5251,,-0.5287,65.1534,65.1556
14:09:02,33.6261,0.0454,-1.7949,415.9267,50.9562,-1.2360,False,,0.0000,0.0032,0.0000,,2.6690,19.1195,19.3049,,-0.5176,64.8120,64.8140
14:09:02,33.6695,0.0434,-1.8069,416.4922,50.8931,-1.2066,False,,0.0000,0.0032,0.0000,,2.6798,17.8875,18.0871,,-0.5068,64.4699,64.4719
14:09:02,33.7125,0.0430,-1.8188,417.0570,50.8301,-1.1757,False,,0.0000,0.0032,0.0000,,2.6904,16.6562,16.8721,,-0.4962,64.1276,64.1295
14:09:02,33.7558,0.0433,-1.8304,417.6212,50.7672,-1.1436,False,,0.0000,0.0032,0.0000,,2.7007,15.4256,15.6602,,-0.4860,63.7859,63.7877
14:09:02,33.7995,0.0437,-1.8419,418.1846,50.7043,-1.1104,False,,0.0000,0.0032,0.0000,,2.7108,14.1957,14.4522,,-0.4759,63.4457,63.4475
14:09:02,33.8443,0.0448,-1.8586,419.0285,50.6101,-1.0592,False,,0.0000,0.0032,0.0000,,2.7253,12.3521,12.6492,,-0.4614,62.9350,62.9367
14:09:02,33.8906,0.0463,-1.8694,419.5902,50.5474,-1.0243,False,,0.0000,0.0032,0.0000,,2.7346,11.1239,11.4551,,-0.4521,62.5969,62.5986
14:09:02,33.9345,0.0439,-1.8799,420.1512,50.4848,-0.9889,False,,0.0000,0.0032,0.0000,,2.6603,9.9130,10.2637,,-0.4431,62.2596,62.2611
14:09:02,33.9775,0.0430,-1.8901,420.7116,50.4223,-0.9531,False,,0.0000,0.0032,0.0000,,2.6690,8.6862,9.0870,,-0.4344,61.9233,61.9248
14:09:02,34.0199,0.0424,-1.9000,421.2712,50.3598,-0.9171,False,,0.0000,0.0032,0.0000,,2.6774,7.4601,7.9260,,-0.4260,61.5871,61.5885
14:09:02,34.0637,0.0438,-1.9143,422.1094,50.2662,-0.8625,False,,0.0000,0.0032,0.0000,,2.5838,5.6680,6.2292,,-0.4140,61.0851,61.0866
14:09:02,34.1065,0.0428,-1.9234,422.6673,50.2039,-0.8260,False,,0.0000,0.0032,0.0000,,2.4983,4.4843,5.1332,,-0.4064,60.7495,60.7509
14:09:02,34.1504,0.0438,-1.9322,423.2245,50.1417,-0.7892,False,,0.0000,0.0032,0.0000,,2.1554,3.4221,4.0443,,-0.3992,60.4147,60.4161
14:09:02,34.1945,0.0441,-1.9407,423.7811,50.0795,-0.7525,False,,0.0000,0.0032,0.0000,,1.9036,2.3895,3.0550,,-0.3924,60.0809,60.0822
14:09:02,34.2377,0.0432,-1.9488,424.3369,50.0174,-0.7156,False,,0.0000,0.0032,0.0000,,1.9103,1.1675,2.2388,,-0.3858,59.7468,59.7480
14:09:02,34.2809,0.0432,-1.9603,425.1695,49.9245,-0.6604,False,,0.0000,0.0032,0.0000,,1.6937,0.1850,1.7038,,-0.3767,59.2499,59.2511
14:09:02,34.3283,0.0475,-1.9675,425.7236,49.8626,-0.6240,False,,0.0000,0.0029,0.0000,,1.5343,0.0246,1.5345,,-0.3710,58.9186,58.9197
14:09:02,34.3731,0.0448,-1.9744,426.2771,49.8008,-0.5894,False,,0.0000,0.0022,0.0000,,1.4605,-0.0283,1.4608,,-0.3655,58.5894,58.5906
14:09:02,34.4161,0.0429,-1.9811,426.8299,49.7391,-0.5575,False,,0.0000,0.0016,0.0000,,3.5046,195.0163,195.0478,,-0.3602,58.2600,58.2611
14:09:03,34.4629,0.0468,-1.9905,427.6577,49.6467,-0.5142,False,,0.0000,0.0016,0.0000,,3.5121,193.1884,193.2203,,-0.3527,57.7679,57.7690
14:09:03,34.5071,0.0442,-1.9964,428.2088,49.5851,-0.4875,False,,0.0000,0.0016,0.0000,,3.5169,191.9707,192.0029,,-0.3479,57.4396,57.4406
14:09:03,34.5509,0.0439,-2.0020,428.7592,49.5237,-0.4624,False,,0.0000,0.0016,0.0000,,3.5215,190.7537,190.7862,,-0.3433,57.1112,57.1122
14:09:03,34.5962,0.0453,-2.0074,429.3090,49.4623,-0.4385,False,,0.0000,0.0016,0.0000,,3.5258,189.5373,189.5701,,-0.3390,56.7836,56.7846
14:09:03,34.6400,0.0438,-2.0149,430.1323,49.3704,-0.4043,False,,0.0000,0.0016,0.0000,,3.5318,187.7141,187.7473,,-0.3329,56.2933,56.2943
14:09:03,34.6829,0.0429,-2.0196,430.6803,49.3093,-0.3824,False,,0.0000,0.0016,0.0000,,3.5356,186.4994,186.5329,,-0.3292,55.9688,55.9697
14:09:03,34.7265,0.0436,-2.0240,431.2277,49.2482,-0.3611,False,,0.0000,0.0016,0.0000,,3.5391,185.2854,185.3192,,-0.3257,55.6446,55.6455
14:09:03,34.7697,0.0432,-2.0282,431.7744,49.1872,-0.3404,False,,0.0000,0.0016,0.0000,,3.5424,184.0721,184.1062,,-0.3224,55.3226,55.3236
14:09:03,34.8126,0.0429,-2.0321,432.3203,49.1262,-0.3199,False,,0.0000,0.0016,0.0000,,3.5455,182.8594,182.8938,,-0.3193,55.0000,55.0009
14:09:03,34.8555,0.0429,-2.0359,432.8657,49.0654,-0.2998,False,,0.0000,0.0016,0.0000,,3.5484,181.6475,181.6821,,-0.3164,54.6773,54.6782
14:09:03,34.8996,0.0441,-2.0394,433.4103,49.0046,-0.2800,False,,0.0000,0.0016,0.0000,,3.5510,180.4362,180.4712,,-0.3137,54.3561,54.3570
14:09:03,34.9443,0.0447,-2.0442,434.2260,48.9135,-0.2507,False,,0.0000,0.0016,0.0000,,3.5546,178.6206,178.6559,,-0.3101,53.8753,53.8762
14:09:03,34.9881,0.0439,-2.0472,434.7690,48.8530,-0.2313,False,,0.0000,0.0016,0.0000,,3.5568,177.4110,177.4466,,-0.3080,53.5544,53.5553
14:09:03,35.0377,0.0495,-2.0499,435.3113,48.7924,-0.2121,False,,0.0000,0.0016,0.0000,,3.5587,176.2021,176.2380,,-0.3061,53.2367,53.2376
14:09:03,35.0799,0.0422,-2.0525,435.8529,48.7320,-0.1930,False,,0.0000,0.0016,0.0000,,3.5605,174.9938,175.0300,,-0.3043,52.9180,52.9189
14:09:03,35.1255,0.0456,-2.0559,436.6641,48.6415,-0.1645,False,,0.0000,0.0016,0.0000,,3.5627,173.1826,173.2193,,-0.3021,52.4410,52.4419
14:09:03,35.1685,0.0430,-2.0580,437.2040,48.5812,-0.1457,False,,0.0000,0.0016,0.0000,,3.5640,171.9761,172.0130,,-0.3008,52.1251,52.1260
14:09:03,35.2120,0.0435,-2.0599,437.7433,48.5210,-0.1268,False,,0.0000,0.0016,0.0000,,3.5650,170.7702,170.8074,,-0.2998,51.8083,51.8092
14:09:03,35.2554,0.0434,-2.0616,438.2819,48.4609,-0.1081,False,,0.0000,0.0016,0.0000,,3.5659,169.5649,169.6024,,-0.2989,51.4927,51.4935
14:09:03,35.2999,0.0445,-2.0630,438.8199,48.4009,-0.0894,False,,0.0000,0.0016,0.0000,,3.5666,168.3604,168.3981,,-0.2982,51.1787,51.1796
14:09:03,35.3440,0.0441,-2.0649,439.6256,48.3109,-0.0614,False,,0.0000,0.0016,0.0000,,3.5673,166.5547,166.5929,,-0.2975,50.7065,50.7073
14:09:03,35.3898,0.0458,-2.0660,440.1619,48.2511,-0.0428,False,,0.0000,0.0016,0.0000,,3.5676,165.3518,165.3903,,-0.2972,50.3942,50.3951
14:09:03,35.4324,0.0425,-2.0668,440.6975,48.1913,-0.0243,False,,0.0000,0.0016,0.0000,,3.5676,164.1496,164.1883,,-0.2972,50.0821,50.0829
14:09:04,35.4761,0.0437,-2.0675,441.2325,48.1316,-0.0058,False,,0.0000,0.0016,0.0000,,3.5675,162.9480,162.9870,,-0.2973,49.7708,49.7717
14:09:04,35.5201,0.0441,-2.0682,442.0337,48.0422,0.0219,False,,0.0000,0.0016,0.0000,,3.5670,161.1468,161.1863,,-0.2978,49.3052,49.3061
14:09:04,35.5646,0.0445,-2.0684,442.5670,47.9827,0.0404,False,,0.0000,0.0016,0.0000,,3.5664,159.9469,159.9866,,-0.2984,48.9949,48.9958
14:09:04,35.6082,0.0435,-2.0684,443.0996,47.9232,0.0588,False,,0.0000,0.0016,0.0000,,3.5657,158.7476,158.7877,,-0.2991,48.6870,48.6879
14:09:04,35.6528,0.0447,-2.0683,443.6316,47.8639,0.0772,False,,0.0000,0.0016,0.0000,,3.5648,157.5490,157.5893,,-0.3000,48.3786,48.3795
14:09:04,35.6988,0.0460,-2.0680,444.1629,47.8046,0.0955,False,,0.0000,0.0016,0.0000,,3.5637,156.3510,156.3916,,-0.3011,48.0706,48.0716
14:09:04,35.7448,0.0460,-2.0673,444.9587,47.7158,0.1222,False,,0.0000,0.0014,0.0000,,3.5618,154.5554,154.5964,,-0.3030,47.6100,47.6110
14:09:04,35.7905,0.0457,-2.0666,445.4884,47.6567,0.1389,False,,0.0000,0.0011,0.0000,,3.5604,153.3590,153.4004,,-0.3044,47.3020,47.3030
14:09:04,35.8359,0.0454,-2.0657,446.0174,47.5976,0.1539,False,,0.0000,0.0006,0.0000,,3.5590,152.1634,152.2050,,-0.3058,46.9971,46.9981
14:09:04,35.8808,0.0450,-2.0643,446.8097,47.5092,0.1717,False,,0.0000,0.0000,0.0000,,3.5568,150.3711,150.4132,,-0.3080,46.5378,46.5388
14:09:04,35.9281,0.0473,-2.0632,447.3371,47.4504,0.1807,False,,0.0000,0.0000,0.0000,,3.5553,149.1771,149.2195,,-0.3095,46.2335,46.2346
14:09:04,35.9726,0.0444,-2.0620,447.8638,47.3916,0.1879,False,,0.0000,0.0000,0.0000,,3.5538,147.9838,148.0265,,-0.3110,45.9301,45.9311
14:09:04,36.0151,0.0425,-2.0608,448.3899,47.3329,0.1938,False,,0.0000,0.0000,0.0000,,3.5523,146.7911,146.8340,,-0.3125,45.6278,45.6289
14:09:04,36.0592,0.0441,-2.0594,448.9153,47.2743,0.1985,False,,0.0000,0.0000,0.0000,,3.5507,145.5990,145.6423,,-0.3141,45.3262,45.3273
14:09:04,36.1058,0.0467,-2.0573,449.7023,47.1865,0.2020,False,,0.0000,-0.0006,0.0000,,3.5484,143.8122,143.8559,,-0.3164,44.8739,44.8750
14:09:04,36.1528,0.0469,-2.0558,450.2261,47.1280,0.2009,False,,0.0000,-0.0014,0.0000,,3.5470,142.6217,142.6658,,-0.3178,44.5734,44.5746
14:09:04,36.2001,0.0474,-2.0537,451.0106,47.0405,0.1917,False,,0.0000,-0.0022,0.0000,,3.5453,140.8373,140.8819,,-0.3195,44.1214,44.1225
14:09:04,36.2472,0.0471,-2.0523,451.5327,46.9822,0.1800,False,,0.0000,-0.0029,0.0000,,3.5444,139.6485,139.6934,,-0.3203,43.8236,43.8248
14:09:04,36.2930,0.0457,-2.0511,452.0543,46.9240,0.1642,False,,0.0000,-0.0030,0.0000,,3.5439,138.4603,138.5056,,-0.3209,43.5255,43.5267
14:09:04,36.3360,0.0431,-2.0499,452.5752,46.8658,0.1450,False,,0.0000,-0.0030,0.0000,,3.5435,137.2727,137.3185,,-0.3213,43.2263,43.2275
14:09:04,36.3796,0.0436,-2.0489,453.0954,46.8078,0.1231,False,,0.0000,-0.0030,0.0000,,3.5434,136.0859,136.1320,,-0.3214,42.9299,42.9311
14:09:04,36.4246,0.0450,-2.0475,453.8746,46.7208,0.0862,False,,0.0000,-0.0030,0.0000,,3.5436,134.3068,134.3535,,-0.3212,42.4854,42.4866
14:09:05,36.4698,0.0451,-2.0468,454.3932,46.6629,0.0597,False,,0.0000,-0.0030,0.0000,,3.5440,133.1215,133.1687,,-0.3208,42.1911,42.1924
14:09:05,36.5132,0.0435,-2.0463,454.9112,46.6050,0.0318,False,,0.0000,-0.0030,0.0000,,3.5447,131.9369,131.9845,,-0.3201,41.8967,41.8979
14:09:05,36.5586,0.0454,-2.0459,455.4286,46.5473,0.0030,False,,0.0000,-0.0030,0.0000,,3.5455,130.7529,130.8010,,-0.3193,41.6035,41.6047
14:09:05,36.6054,0.0468,-2.0457,456.2034,46.4608,-0.0415,False,,0.0000,-0.0030,0.0000,,3.5473,128.9781,129.0269,,-0.3175,41.1631,41.1643
14:09:05,36.6513,0.0459,-2.0459,456.7191,46.4032,-0.0717,False,,0.0000,-0.0030,0.0000,,3.5487,127.7958,127.8450,,-0.3161,40.8693,40.8705
14:09:05,36.6969,0.0456,-2.0462,457.2343,46.3456,-0.1022,False,,0.0000,-0.0029,0.0000,,3.5503,126.6140,126.6638,,-0.3145,40.5790,40.5802
14:09:05,36.7434,0.0465,-2.0472,458.0057,46.2595,-0.1468,False,,0.0000,-0.0024,0.0000,,3.5532,124.8427,124.8932,,-0.3116,40.1418,40.1430
14:09:05,36.7879,0.0445,-2.0480,458.5192,46.2021,-0.1749,False,,0.0000,-0.0020,0.0000,,3.5552,123.6625,123.7136,,-0.3096,39.8512,39.8524
14:09:05,36.8347,0.0468,-2.0491,459.0321,46.1449,-0.2010,False,,0.0000,-0.0016,0.0000,,3.5574,122.4830,122.5347,,-0.3074,39.5624,39.5636
14:09:05,36.8781,0.0435,-2.0504,459.5443,46.0877,-0.2251,False,,0.0000,-0.0014,0.0000,,3.5597,121.3042,121.3564,,-0.3051,39.2729,39.2741
14:09:05,36.9233,0.0452,-2.0526,460.3115,46.0020,-0.2573,False,,0.0000,-0.0012,0.0000,,3.5633,119.5370,119.5901,,-0.3015,38.8408,38.8419
14:09:05,36.9686,0.0453,-2.0544,460.8222,45.9450,-0.2766,False,,0.0000,-0.0011,0.0000,,3.5659,118.3598,118.4135,,-0.2989,38.5537,38.5548
14:09:05,37.0134,0.0448,-2.0562,461.3322,45.8880,-0.2939,False,,0.0000,-0.0009,0.0000,,3.5685,117.1831,117.2374,,-0.2963,38.2676,38.2688
14:09:05,37.0600,0.0466,-2.0583,461.8416,45.8312,-0.3092,False,,0.0000,-0.0006,0.0000,,3.5712,116.0071,116.0621,,-0.2936,37.9808,37.9819
14:09:05,37.1076,0.0476,-2.0616,462.6045,45.7460,-0.3291,False,,0.0000,-0.0006,0.0000,,3.5754,114.2443,114.3002,,-0.2894,37.5533,37.5545
14:09:05,37.1585,0.0510,-2.0640,463.1123,45.6893,-0.3404,False,,0.0000,-0.0004,0.0000,,3.5783,113.0699,113.1265,,-0.2865,37.2681,37.2692
14:09:05,37.2065,0.0479,-2.0679,463.8728,45.6044,-0.3550,False,,0.0000,-0.0004,0.0000,,3.5827,111.3094,111.3670,,-0.2821,36.8407,36.8418
14:09:05,37.2533,0.0468,-2.0706,464.3791,45.5479,-0.3634,False,,0.0000,-0.0004,0.0000,,3.5858,110.1365,110.1949,,-0.2790,36.5585,36.5596
14:09:05,37.2972,0.0439,-2.0734,464.8847,45.4914,-0.3711,False,,0.0000,-0.0004,0.0000,,3.5889,108.9643,109.0234,,-0.2759,36.2754,36.2764
14:09:05,37.3432,0.0460,-2.0778,465.6419,45.4069,-0.3816,False,,0.0000,-0.0004,0.0000,,3.5938,107.2071,107.2673,,-0.2710,35.8543,35.8553
14:09:05,37.3882,0.0449,-2.0808,466.1460,45.3506,-0.3873,False,,0.0000,0.0000,0.0000,,3.5970,106.0364,106.0974,,-0.2678,35.5736,35.5747
14:09:05,37.4345,0.0464,-2.0839,466.6494,45.2944,-0.3918,False,,0.0000,0.0000,0.0000,,3.6003,104.8664,104.9282,,-0.2645,35.2937,35.2947
14:09:06,37.4840,0.0494,-2.0886,467.4033,45.2102,-0.3970,False,,0.0000,0.0000,0.0000,,3.6053,103.1125,103.1755,,-0.2595,34.8736,34.8746
14:09:06,37.5310,0.0471,-2.0918,467.9052,45.1542,-0.3982,False,,0.0000,0.0009,0.0000,,3.6085,101.9440,102.0079,,-0.2563,34.5953,34.5963
14:09:06,37.5777,0.0467,-2.0950,468.4064,45.0983,-0.3973,False,,0.0000,0.0009,0.0000,,3.6117,100.7762,100.8409,,-0.2531,34.3161,34.3171
14:09:06,37.6247,0.0471,-2.0999,469.1571,45.0145,-0.3930,False,,0.0000,0.0009,0.0000,,3.6163,99.0255,99.0915,,-0.2485,33.8981,33.8990
14:09:06,37.6727,0.0479,-2.1031,469.6568,44.9587,-0.3885,False,,0.0000,0.0009,0.0000,,3.6193,97.8592,97.9261,,-0.2454,33.6223,33.6232
14:09:06,37.7192,0.0465,-2.1063,470.1559,44.9030,-0.3831,False,,0.0000,0.0009,0.0000,,3.6223,96.6935,96.7614,,-0.2425,33.3469,33.3478
14:09:06,37.7621,0.0429,-2.1110,470.9033,44.8195,-0.3737,False,,0.0000,0.0009,0.0000,,3.6267,94.9462,95.0154,,-0.2381,32.9347,32.9356
14:09:06,37.8050,0.0429,-2.1142,471.4008,44.7640,-0.3667,False,,0.0000,0.0009,0.0000,,3.6295,93.7820,93.8522,,-0.2353,32.6602,32.6610
14:09:06,37.8482,0.0432,-2.1173,471.8977,44.7085,-0.3593,False,,0.0000,0.0009,0.0000,,3.6323,92.6185,92.6897,,-0.2325,32.3880,32.3888
14:09:06,37.8903,0.0421,-2.1203,472.3940,44.6531,-0.3516,False,,0.0000,0.0009,0.0000,,3.6350,91.4555,91.5278,,-0.2297,32.1149,32.1158
14:09:06,37.9334,0.0431,-2.1234,472.8897,44.5977,-0.3435,False,,0.0000,0.0009,0.0000,,3.6377,90.2932,90.3665,,-0.2271,31.8432,31.8440
14:09:06,37.9784,0.0450,-2.1263,473.3848,44.5424,-0.3353,False,,0.0000,0.0009,0.0000,,3.6403,89.1315,89.2058,,-0.2245,31.5714,31.5722
14:09:06,38.0229,0.0445,-2.1307,474.1263,44.4597,-0.3226,False,,0.0000,0.0009,0.0000,,3.6442,87.3901,87.4660,,-0.2206,31.1623,31.1630
14:09:06,38.0686,0.0456,-2.1335,474.6198,44.4046,-0.3140,False,,0.0000,0.0009,0.0000,,3.6466,86.2300,86.3070,,-0.2182,30.8934,30.8941
14:09:06,38.1148,0.0462,-2.1363,475.1127,44.3495,-0.3053,False,,0.0000,0.0009,0.0000,,3.6490,85.0704,85.1487,,-0.2158,30.6242,30.6250
14:09:06,38.1575,0.0427,-2.1390,475.6049,44.2945,-0.2965,False,,0.0000,0.0009,0.0000,,3.6513,83.9115,83.9909,,-0.2135,30.3538,30.3545
14:09:06,38.2199,0.0625,-2.1429,476.3422,44.2122,-0.2833,False,,0.0000,0.0009,0.0000,,3.6547,82.1743,82.2556,,-0.2101,29.9523,29.9530
14:09:06,38.2636,0.0436,-2.1466,477.0782,44.1300,-0.2700,False,,0.0000,0.0009,0.0000,,3.6579,80.4384,80.5216,,-0.2069,29.5505,29.5512
14:09:06,38.3068,0.0433,-2.1490,477.5681,44.0753,-0.2611,False,,0.0000,0.0009,0.0000,,3.6599,79.2819,79.3663,,-0.2049,29.2845,29.2852
14:09:06,38.3484,0.0416,-2.1514,478.0574,44.0207,-0.2521,False,,0.0000,0.0009,0.0000,,3.6619,78.1260,78.2118,,-0.2029,29.0185,29.0192
14:09:06,38.3907,0.0423,-2.1536,478.5461,43.9661,-0.2432,False,,0.0000,0.0009,0.0000,,3.6637,76.9707,77.0578,,-0.2010,28.7524,28.7532
14:09:06,38.4333,0.0426,-2.1558,479.0341,43.9116,-0.2343,False,,0.0000,0.0009,0.0000,,3.6655,75.8160,75.9045,,-0.1992,28.4884,28.4891
14:09:07,38.4760,0.0427,-2.1579,479.5216,43.8572,-0.2253,False,,0.0000,0.0009,0.0000,,3.6673,74.6619,74.7519,,-0.1975,28.2243,28.2250
14:09:07,38.5193,0.0433,-2.1600,480.0084,43.8028,-0.2164,False,,0.0000,0.0009,0.0000,,3.6689,73.5084,73.5999,,-0.1959,27.9620,27.9627
14:09:07,38.5622,0.0429,-2.1629,480.7375,43.7214,-0.2029,False,,0.0000,0.0009,0.0000,,3.6713,71.7794,71.8732,,-0.1935,27.5661,27.5668
14:09:07,38.6042,0.0420,-2.1647,481.2229,43.6672,-0.1940,False,,0.0000,0.0009,0.0000,,3.6727,70.6274,70.7228,,-0.1921,27.3025,27.3032
14:09:07,38.6502,0.0460,-2.1665,481.7076,43.6130,-0.1851,False,,0.0000,0.0009,0.0000,,3.6741,69.4761,69.5732,,-0.1907,27.0424,27.0431
14:09:07,38.6952,0.0450,-2.1682,482.1917,43.5589,-0.1766,False,,0.0000,0.0006,0.0000,,3.6755,68.3253,68.4240,,-0.1893,26.7812,26.7819
14:09:07,38.7392,0.0440,-2.1698,482.6753,43.5049,-0.1685,False,,0.0000,0.0006,0.0000,,3.6767,67.1751,67.2756,,-0.1880,26.5190,26.5197
14:09:07,38.7857,0.0465,-2.1721,483.3994,43.4186,-0.1571,False,,0.0000,0.0006,0.0021,,3.6786,65.4510,65.5543,,-0.1862,26.1308,26.1315
14:09:07,38.8315,0.0458,-2.1736,483.8811,43.3085,-0.1498,False,,0.0000,0.0006,0.0316,,3.6797,64.3027,64.4079,,-0.1851,25.8716,25.8723
14:09:07,38.8743,0.0428,-2.1750,484.3613,43.1848,-0.1428,False,,0.0000,0.0006,0.0316,,3.6808,63.1559,63.2631,,-0.1840,25.6155,25.6161
14:09:07,38.9175,0.0432,-2.1763,484.8401,43.0582,-0.1359,False,,0.0000,0.0006,0.0316,,3.6819,62.0105,62.1197,,-0.1829,25.3602,25.3608
14:09:07,38.9594,0.0418,-2.1776,485.3174,42.9310,-0.1292,False,,0.0000,0.0006,0.0316,,3.6828,60.8665,60.9778,,-0.1819,25.1057,25.1064
14:09:07,39.0022,0.0428,-2.1794,486.0308,42.7402,-0.1194,False,,0.0000,0.0006,0.0316,,3.6842,59.1532,59.2678,,-0.1806,24.7282,24.7288
14:09:07,39.0487,0.0465,-2.1805,486.5046,42.6042,-0.1129,False,,0.0000,0.0006,0.0365,,3.6850,58.0128,58.1297,,-0.1798,24.4789,24.4796
14:09:07,39.0933,0.0445,-2.1815,486.9763,42.3631,-0.1065,False,,0.0000,0.0006,0.0904,,3.6858,56.8745,56.9938,,-0.1790,24.2310,24.2316
14:09:07,39.1368,0.0436,-2.1825,487.4442,41.9647,-0.1003,False,,0.0000,0.0006,0.1590,,3.2769,55.7658,55.8619,,-0.1783,23.9848,23.9855
14:09:07,39.1835,0.0467,-2.1838,488.1368,41.3407,-0.0911,False,,0.0000,0.0006,0.1737,,3.2778,54.0732,54.1725,,-0.1773,23.6263,23.6270
14:09:07,39.2263,0.0428,-2.1846,488.5920,40.8737,-0.0851,False,,0.0000,0.0006,0.1737,,3.2784,52.9514,53.0528,,-0.1768,23.3954,23.3961
14:09:07,39.2714,0.0452,-2.1854,489.0421,40.3994,-0.0791,False,,0.0000,0.0006,0.1786,,3.2789,51.8348,51.9384,,-0.1763,23.1676,23.1682
14:09:07,39.3173,0.0459,-2.1861,489.4869,39.9264,-0.0733,False,,0.0000,0.0006,0.1786,,3.2794,50.7234,50.8293,,-0.1758,22.9455,22.9462
14:09:07,39.3634,0.0461,-2.1870,490.1443,39.2028,-0.0647,False,,0.0000,0.0006,0.1786,,3.2799,49.0661,49.1756,,-0.1752,22.6238,22.6245
14:09:07,39.4092,0.0458,-2.1876,490.5760,38.7333,-0.0591,False,,0.0000,0.0006,0.1786,,3.2803,47.9678,48.0798,,-0.1749,22.4138,22.4144
14:09:08,39.4549,0.0457,-2.1881,491.0026,38.2638,-0.0535,False,,0.0000,0.0006,0.1786,,3.2805,46.8746,46.9893,,-0.1746,22.2111,22.2118
14:09:08,39.5005,0.0456,-2.1888,491.6323,37.5419,-0.0453,False,,0.0000,0.0006,0.1933,,3.2808,45.2451,45.3639,,-0.1743,21.9164,21.9170
14:09:08,39.5491,0.0486,-2.1892,492.0446,36.9714,-0.0400,False,,0.0000,0.0006,0.2227,,3.2810,44.1661,44.2878,,-0.1742,21.7283,21.7290
14:09:08,39.5937,0.0446,-2.1895,492.4501,36.3061,-0.0347,False,,0.0000,0.0006,0.2619,,3.2811,43.0940,43.2187,,-0.1741,21.5466,21.5473
14:09:08,39.6385,0.0448,-2.1898,492.8481,35.6141,-0.0295,False,,0.0000,0.0006,0.2718,,3.2812,42.0295,42.1573,,-0.1740,21.3738,21.3745
14:09:08,39.6835,0.0450,-2.1901,493.4297,34.5560,-0.0220,False,,0.0000,0.0006,0.3208,,3.2812,40.4479,40.5808,,-0.1740,21.1256,21.1263
14:09:08,39.7274,0.0438,-2.1903,493.8051,33.5881,-0.0172,False,,0.0000,0.0006,0.3992,,3.2812,39.4060,39.5424,,-0.1740,20.9728,20.9735
14:09:08,39.7713,0.0440,-2.1904,494.1695,32.6343,-0.0125,False,,0.0000,0.0006,0.3992,,3.2811,38.3750,38.5150,,-0.1741,20.8323,20.8331
14:09:08,39.8148,0.0435,-2.1905,494.5230,31.6876,-0.0079,False,,0.0000,0.0006,0.3992,,3.2810,37.3549,37.4987,,-0.1742,20.7000,20.7008
14:09:08,39.8593,0.0445,-2.1906,494.8656,30.7268,-0.0035,False,,0.0000,0.0006,0.3992,,3.2809,36.3457,36.4935,,-0.1743,20.5793,20.5801
14:09:08,39.9044,0.0450,-2.1906,495.3581,28.9493,0.0028,False,,0.0000,0.0006,0.3992,,3.2807,34.8532,35.0073,,-0.1745,20.4223,20.4231
14:09:08,39.9506,0.0462,-2.1906,495.6735,27.9567,0.0068,False,,0.0000,0.0006,0.4041,,3.2805,33.8713,34.0298,,-0.1747,20.3305,20.3313
14:09:08,39.9957,0.0452,-2.1906,495.9778,26.9513,0.0107,False,,0.0000,0.0006,0.4090,,3.2803,32.9004,33.0635,,-0.1749,20.2496,20.2504
14:09:08,40.0406,0.0449,-2.1905,496.4151,25.9256,0.0163,False,,0.0000,0.0006,0.3894,,3.2799,31.4631,31.6336,,-0.1753,20.1466,20.1473
14:09:08,40.0849,0.0443,-2.1904,496.6944,25.1929,0.0199,False,,0.0000,0.0006,0.2865,,3.2797,30.5173,30.6930,,-0.1755,20.0918,20.0926
14:09:08,40.1288,0.0439,-2.1903,496.9672,24.7839,0.0234,False,,0.0000,0.0006,0.1982,,3.2794,29.5778,29.7591,,-0.1758,20.0420,20.0427
14:09:08,40.1732,0.0444,-2.1901,497.2357,24.3028,0.0267,False,,0.0000,0.0006,0.0953,,3.2792,28.6427,28.8298,,-0.1761,19.9977,19.9985
14:09:08,40.2166,0.0434,-2.1900,497.5022,24.3839,0.0310,False,,0.0000,0.0006,0.0000,,3.2788,27.7097,27.9030,,-0.1764,19.9543,19.9550
14:09:08,40.2607,0.0441,-2.1897,497.8989,23.5060,0.0360,False,,0.0000,0.0006,0.0000,,3.2783,26.3131,26.5166,,-0.1769,19.8892,19.8900
14:09:08,40.3036,0.0430,-2.1895,498.1644,23.4753,0.0393,False,,0.0000,0.0006,0.0000,,3.2780,25.3810,25.5918,,-0.1772,19.8482,19.8490
14:09:08,40.3478,0.0442,-2.1893,498.4296,23.4453,0.0427,False,,0.0000,0.0006,0.0000,,3.2776,24.4492,24.6679,,-0.1776,19.8068,19.8076
14:09:08,40.3922,0.0444,-2.1890,498.6945,23.4158,0.0461,False,,0.0000,0.0006,0.0000,,3.2773,23.5177,23.7450,,-0.1780,19.7635,19.7643
14:09:09,40.4361,0.0439,-2.1888,498.9590,23.3865,0.0495,False,,0.0000,0.0006,0.0000,,2.9911,22.6265,22.8233,,-0.1784,19.7228,19.7236
14:09:09,40.4788,0.0428,-2.1885,499.2232,23.3572,0.0529,False,,0.0000,0.0006,0.0000,,2.9907,21.6957,21.9009,,-0.1788,19.6821,19.6829
14:09:09,40.5219,0.0431,-2.1881,499.6212,24.1404,0.0580,False,,0.0000,0.0006,0.0000,,2.9900,20.2978,20.5168,,-0.1794,19.6197,19.6205
14:09:09,40.5648,0.0429,-2.1878,499.8846,24.1106,0.0615,False,,0.0000,0.0006,0.0000,,2.9896,19.3678,19.5972,,-0.1799,19.5801,19.5809
14:09:09,40.6078,0.0429,-2.1874,500.1476,24.0808,0.0649,False,,0.0000,0.0006,0.0000,,2.9891,18.4382,18.6789,,-0.1804,19.5421,19.5429
14:09:09,40.6500,0.0422,-2.1871,500.4103,24.0510,0.0683,False,,0.0000,0.0006,0.0000,,2.9886,17.5088,17.7621,,-0.1808,19.5018,19.5027
14:09:09,40.6948,0.0448,-2.1867,500.6727,24.0212,0.0718,False,,0.0000,0.0006,0.0000,,2.9881,16.5798,16.8470,,-0.1813,19.4610,19.4618
14:09:09,40.7406,0.0458,-2.1862,501.0635,23.1620,0.0769,False,,0.0218,0.0006,0.0000,,2.9874,15.1892,15.4801,,-0.1821,19.4057,19.4066
14:09:09,40.7857,0.0451,-2.1858,501.3257,23.2258,0.0803,False,,0.2669,0.0006,0.0000,,2.9868,14.2604,14.5698,,-0.1827,19.3645,19.3653
14:09:09,40.8344,0.0487,-2.1854,501.5894,23.4345,0.0838,False,,0.5000,0.0006,0.0000,,2.9863,13.3300,13.6604,,-0.1832,19.3224,19.3233
14:09:09,40.8807,0.0463,-2.1847,501.9912,24.4450,0.0892,False,,0.6694,0.0006,0.0000,,2.9854,11.9283,12.2963,,-0.1841,19.2561,19.2570
14:09:09,40.9257,0.0450,-2.1843,502.2612,24.6992,0.0929,False,,0.8312,0.0006,0.0000,,2.9848,10.9918,11.3898,,-0.1847,19.2110,19.2119
14:09:09,40.9717,0.0460,-2.1838,502.5348,25.0011,0.0966,False,,0.8655,0.0006,0.0000,,2.9841,10.0516,10.4852,,-0.1854,19.1606,19.1615
14:09:09,41.0145,0.0427,-2.1832,502.8117,25.3033,0.1004,False,,0.8655,0.0006,0.0000,,2.9834,9.1081,9.5843,,-0.1861,19.1063,19.1072
14:09:09,41.0559,0.0415,-2.1827,503.0920,25.6049,0.1042,False,,0.8655,0.0006,0.0000,,2.9827,8.1612,8.6892,,-0.1868,19.0498,19.0507
14:09:09,41.1010,0.0451,-2.1819,503.5173,25.4769,0.1101,False,,0.8998,0.0006,0.0000,,2.8054,6.7964,7.3527,,-0.1879,18.9593,18.9602
14:09:09,41.1440,0.0429,-2.1813,503.8065,25.8340,0.1141,False,,0.9881,0.0006,0.0000,,2.6999,5.8882,6.4777,,-0.1886,18.8922,18.8931
14:09:09,41.1898,0.0458,-2.1806,504.0997,26.1943,0.1182,False,,1.0000,0.0006,0.0000,,2.6991,4.9284,5.6191,,-0.1894,18.8239,18.8248
14:09:09,41.2314,0.0416,-2.1800,504.3968,26.5545,0.1223,False,,1.0000,0.0006,0.0000,,2.6090,4.0144,4.7877,,-0.1903,18.7495,18.7505
14:09:09,41.2771,0.0457,-2.1793,504.6979,26.9151,0.1265,False,,1.0000,0.0006,0.0000,,2.3972,3.1939,3.9934,,-0.1911,18.6704,18.6714
14:09:09,41.3208,0.0437,-2.1782,505.1584,27.9814,0.1329,False,,1.0000,0.0006,0.0000,,2.0922,1.9334,2.8488,,-0.1925,18.5466,18.5476
14:09:09,41.3666,0.0458,-2.1774,505.4693,28.3329,0.1372,False,,1.0000,0.0006,0.0000,,2.0196,1.0111,2.2586,,-0.1934,18.4580,18.4590
14:09:09,41.4114,0.0448,-2.1766,505.7842,28.6840,0.1420,False,,1.0000,0.0009,0.0000,,1.9026,0.3622,1.9368,,-0.1944,18.3660,18.3670
14:09:10,41.4567,0.0452,-2.1758,506.1031,29.0347,0.1477,False,,1.0000,0.0012,0.0000,,1.7593,0.1671,1.7672,,-0.1955,18.2714,18.2724
14:09:10,41.5041,0.0474,-2.1744,506.5874,29.0756,0.1591,False,,1.0000,0.0016,0.0000,,1.6487,-0.0315,1.6490,,-0.1974,18.1206,18.1217
14:09:10,41.5515,0.0475,-2.1733,506.9161,29.4346,0.1695,False,,1.0000,0.0024,0.0000,,1.5719,-0.0513,1.5727,,-0.1989,18.0159,18.0170
14:09:10,41.5982,0.0467,-2.1721,507.2487,29.7931,0.1839,False,,1.0000,0.0035,0.0000,,3.6643,194.9544,194.9888,,-0.2007,17.9069,17.9081
14:09:10,41.6439,0.0456,-2.1700,507.7563,30.7819,0.2172,False,,1.0000,0.0052,0.0000,,3.6607,193.4469,193.4815,,-0.2043,17.7337,17.7349
14:09:10,41.6879,0.0440,-2.1682,508.0988,31.1299,0.2491,False,,1.0000,0.0073,0.0000,,3.6576,192.4378,192.4726,,-0.2074,17.6148,17.6160
14:09:10,41.7340,0.0462,-2.1661,508.4451,31.4771,0.2925,False,,1.0000,0.0098,0.0000,,3.6536,191.4248,191.4597,,-0.2114,17.4917,17.4930
14:09:10,41.7799,0.0459,-2.1634,508.7954,31.8237,0.3511,False,,1.0000,0.0130,0.0000,,3.6485,190.4080,190.4429,,-0.2165,17.3648,17.3662
14:09:10,41.8242,0.0443,-2.1583,509.3270,31.9375,0.4733,False,,1.0000,0.0164,0.0000,,3.6382,188.8765,188.9115,,-0.2268,17.1682,17.1697
14:09:10,41.8701,0.0458,-2.1540,509.6870,32.2938,0.5777,False,,1.0000,0.0193,0.0000,,3.6294,187.8499,187.8850,,-0.2356,17.0309,17.0326
14:09:10,41.9154,0.0453,-2.1488,510.0509,32.6499,0.7016,False,,1.0000,0.0217,0.0000,,3.6190,186.8195,186.8545,,-0.2460,16.8915,16.8933
14:09:10,41.9594,0.0440,-2.1427,510.4186,33.0061,0.8434,False,,1.0000,0.0228,0.0000,,3.6068,185.7851,185.8201,,-0.2582,16.7467,16.7487
14:09:10,42.0036,0.0441,-2.1317,510.9785,33.8861,1.0823,False,,1.0000,0.0233,0.0000,,3.5857,184.2255,184.2604,,-0.2794,16.5220,16.5244
14:09:10,42.0474,0.0438,-2.1230,511.3559,34.2268,1.2552,False,,1.0000,0.0233,0.0000,,3.5697,183.1816,183.2164,,-0.2954,16.3687,16.3714
14:09:10,42.0926,0.0452,-2.1133,511.7371,34.5663,1.4358,False,,1.0000,0.0232,0.0000,,3.5522,182.1340,182.1687,,-0.3128,16.2102,16.2132
14:09:10,42.1395,0.0469,-2.1024,512.1221,34.9046,1.6214,False,,1.0000,0.0225,0.0000,,3.5335,181.0825,181.1170,,-0.3315,16.0491,16.0525
14:09:10,42.1852,0.0458,-2.0840,512.7062,35.1506,1.9022,False,,1.0000,0.0209,0.0000,,3.5032,179.4989,179.5331,,-0.3619,15.7980,15.8021
14:09:10,42.2336,0.0484,-2.0703,513.1008,35.5110,2.0849,False,,1.0000,0.0186,0.0000,,3.4817,178.4379,178.4718,,-0.3833,15.6255,15.6302
14:09:10,42.2785,0.0449,-2.0556,513.4993,35.8730,2.2593,False,,1.0000,0.0158,0.0000,,3.4595,177.3730,177.4068,,-0.4055,15.4512,15.4565
14:09:10,42.3249,0.0463,-2.0315,514.1047,36.5675,2.4964,False,,0.9930,0.0130,0.0000,,3.4253,175.7682,175.8016,,-0.2921,15.1845,15.1873
14:09:10,42.3734,0.0485,-2.0142,514.5126,36.8921,2.6386,False,,0.9930,0.0101,0.0000,,3.4020,174.6939,174.7270,,-0.2513,15.0009,15.0030
14:09:10,42.4183,0.0450,-1.9960,514.9243,37.2166,2.7639,False,,0.9930,0.0071,0.0000,,3.3785,173.6158,173.6487,,-0.2157,14.8128,14.8144
14:09:11,42.4635,0.0452,-1.9673,515.5488,37.6711,2.9182,False,,0.9881,0.0044,0.0000,,3.3433,171.9918,172.0243,,-0.1154,14.5257,14.5262
14:09:11,42.5086,0.0451,-1.9472,515.9699,38.0188,2.9986,False,,0.9881,0.0022,0.0000,,3.3198,170.9042,170.9365,,-0.1389,14.3272,14.3278
14:09:11,42.5548,0.0462,-1.9265,516.3947,38.3603,3.0623,False,,0.9831,0.0006,0.0000,,3.2963,169.8129,169.8449,,-0.1623,14.1244,14.1253
14:09:11,42.5997,0.0448,-1.9052,516.8232,38.6972,3.1106,False,,0.9782,-0.0004,0.0000,,3.2729,168.7179,168.7496,,-0.1857,13.9207,13.9220
14:09:11,42.6446,0.0450,-1.8721,517.4729,39.1977,3.1588,False,,0.9733,-0.0012,0.0000,,3.2378,167.0684,167.0997,,-0.2208,13.6050,13.6068
14:09:11,42.6886,0.0440,-1.8495,517.9106,39.5271,3.1782,False,,0.9684,-0.0015,0.0000,,3.2144,165.9641,165.9952,,-0.2443,13.3892,13.3914
14:09:11,42.7327,0.0441,-1.8264,518.3519,39.8557,3.1891,False,,0.9684,-0.0019,0.0000,,3.1908,164.8562,164.8871,,-0.2678,13.1723,13.1750
14:09:11,42.7772,0.0444,-1.8028,518.7969,40.1827,3.1928,False,,0.9635,-0.0022,0.0000,,3.1671,163.7446,163.7753,,-0.2915,12.9500,12.9532
14:09:11,42.8211,0.0440,-1.7670,519.4711,40.6715,3.1862,False,,0.9635,-0.0027,0.0000,,3.1315,162.0705,162.1008,,-0.3271,12.6096,12.6138
14:09:11,42.8641,0.0429,-1.7427,519.9250,40.9956,3.1737,False,,0.9586,-0.0038,0.0000,,3.1078,160.9498,160.9798,,-0.3508,12.3798,12.3847
14:09:11,42.9094,0.0454,-1.7183,520.3826,41.3186,3.1532,False,,0.9586,-0.0050,0.0000,,3.0843,159.8256,159.8553,,-0.3743,12.1444,12.1501
14:09:11,42.9516,0.0422,-1.6938,520.8438,41.6400,3.1249,False,,0.9537,-0.0056,0.0000,,3.0610,158.6978,158.7273,,-0.3976,11.9060,11.9126
14:09:11,42.9964,0.0448,-1.6693,521.3084,41.9590,3.0899,False,,0.9488,-0.0056,0.0000,,3.0379,157.5664,157.5957,,-0.4207,11.6655,11.6731
14:09:11,43.0390,0.0426,-1.6447,521.7766,42.2770,3.0496,False,,0.9488,-0.0056,0.0000,,3.0151,156.4315,156.4605,,-0.4436,11.4200,11.4287
14:09:11,43.0825,0.0434,-1.6079,522.4855,42.7531,2.9816,False,,0.9488,-0.0056,0.0000,,2.9811,154.7225,154.7512,,-0.4775,11.0456,11.0559
14:09:11,43.1286,0.0461,-1.5834,522.9626,43.0700,2.9324,False,,0.9488,-0.0056,0.0000,,2.9587,153.5787,153.6072,,-0.4999,10.7923,10.8039
14:09:11,43.1735,0.0449,-1.5590,523.4432,43.3840,2.8809,False,,0.9390,-0.0055,0.0000,,2.9365,152.4313,152.4596,,-0.5221,10.5356,10.5485
14:09:11,43.2192,0.0457,-1.5347,523.9271,43.6768,2.8279,False,,0.8606,-0.0053,0.0000,,2.9145,151.2807,151.3088,,-0.5442,10.2753,10.2897
14:09:11,43.2668,0.0476,-1.4986,524.6584,44.0409,2.7474,False,,0.7233,-0.0051,0.0000,,2.8818,149.5493,149.5771,,-0.5768,9.8788,9.8957
14:09:11,43.3132,0.0464,-1.4749,525.1488,44.2320,2.6934,False,,0.5861,-0.0050,0.0000,,2.8604,148.3922,148.4197,,-0.5983,9.6132,9.6318
14:09:11,43.3577,0.0445,-1.4514,525.6411,44.3852,2.6393,False,,0.5000,-0.0050,0.0000,,2.8392,147.2332,147.2605,,-0.6195,9.3442,9.3647
14:09:11,43.4007,0.0430,-1.4167,526.3824,44.5970,2.5581,False,,0.5000,-0.0050,0.0000,,2.8080,145.4918,145.5189,,-0.6507,8.9385,8.9621
14:09:12,43.4465,0.0458,-1.3941,526.8785,44.7321,2.5038,False,,0.4825,-0.0050,0.0000,,2.7876,144.3289,144.3558,,-0.6711,8.6667,8.6927
14:09:12,43.4913,0.0448,-1.3717,527.3762,44.8651,2.4495,False,,0.4825,-0.0050,0.0000,,2.7676,143.1645,143.1912,,-0.6911,8.3917,8.4201
14:09:12,43.5343,0.0430,-1.3497,527.8753,44.9977,2.3950,False,,0.4825,-0.0050,0.0000,,2.7479,141.9987,142.0252,,-0.7108,8.1162,8.1472
14:09:12,43.5774,0.0431,-1.3281,528.3759,45.1301,2.3405,False,,0.4825,-0.0050,0.0000,,2.7286,140.8313,140.8577,,-0.7301,7.8405,7.8744
14:09:12,43.6219,0.0445,-1.2965,529.1296,45.3283,2.2584,False,,0.4825,-0.0050,0.0000,,2.7004,139.0776,139.1038,,-0.7583,7.4206,7.4592
14:09:12,43.6668,0.0449,-1.2758,529.6339,45.4603,2.2036,False,,0.4825,-0.0050,0.0000,,2.6821,137.9066,137.9326,,-0.7766,7.1395,7.1816
14:09:12,43.7127,0.0459,-1.2556,530.1396,45.5871,2.1488,False,,0.4629,-0.0050,0.0000,,2.6642,136.7341,136.7600,,-0.7945,6.8580,6.9039
14:09:12,43.7587,0.0460,-1.2358,530.6467,45.6888,2.0939,False,,0.3747,-0.0050,0.0000,,2.6467,135.5603,135.5861,,-0.8120,6.5732,6.6231
14:09:12,43.8054,0.0467,-1.2069,531.4087,45.7673,2.0117,False,,0.2423,-0.0050,0.0000,,2.6213,133.7983,133.8240,,-0.8375,6.1463,6.2031
14:09:12,43.8507,0.0453,-1.1881,531.9171,45.7840,1.9570,False,,0.1590,-0.0050,0.0000,,2.6049,132.6231,132.6487,,-0.8539,5.8619,5.9237
14:09:12,43.8949,0.0442,-1.1699,532.4255,45.7839,1.9025,False,,0.1345,-0.0050,0.0000,,2.5890,131.4480,131.4735,,-0.8698,5.5766,5.6440
14:09:12,43.9418,0.0469,-1.1434,533.1880,45.7755,1.8200,False,,0.1296,-0.0053,0.0000,,2.5660,129.6854,129.7108,,-0.8928,5.1498,5.2267
14:09:12,43.9879,0.0461,-1.1264,533.6963,45.7668,1.7641,False,,0.1198,-0.0055,0.0000,,2.5514,128.5105,128.5358,,-0.9074,4.8651,4.9490
14:09:12,44.0339,0.0459,-1.1099,534.2044,45.7521,1.7071,False,,0.1002,-0.0058,0.0000,,2.5373,127.3357,127.3610,,-0.9215,4.5812,4.6729
14:09:12,44.0816,0.0478,-1.0861,534.9662,45.7152,1.6195,False,,0.0757,-0.0058,0.0000,,2.5172,125.5739,125.5991,,-0.9416,4.1545,4.2599
14:09:12,44.1287,0.0471,-1.0709,535.4736,45.6821,1.5602,False,,0.0512,-0.0058,0.0000,,2.5045,124.3997,124.4249,,-0.9543,3.8716,3.9875
14:09:12,44.1730,0.0444,-1.0562,535.9807,45.6394,1.5003,False,,0.0267,-0.0058,0.0000,,2.4924,123.2260,123.2512,,-0.9463,3.5948,3.7172
14:09:12,44.2193,0.0463,-1.0421,536.4871,45.5873,1.4399,False,,0.0021,-0.0058,0.0000,,2.4808,122.0529,122.0781,,-0.9314,3.3197,3.4479
14:09:12,44.2649,0.0456,-1.0218,537.2457,45.5028,1.3490,False,,0.0000,-0.0058,0.0000,,2.4644,120.2943,120.3195,,-0.9273,2.9048,3.0493
14:09:12,44.3128,0.0479,-1.0090,537.7506,45.4462,1.2888,False,,0.0000,-0.0055,0.0000,,2.4542,119.1226,119.1479,,-0.9376,2.6233,2.7858
14:09:12,44.3581,0.0453,-0.9967,538.2549,45.3897,1.2303,False,,0.0000,-0.0048,0.0000,,2.4443,117.9516,117.9769,,-0.9475,2.3415,2.5259
14:09:12,44.4034,0.0453,-0.9790,539.0103,45.3051,1.1483,False,,0.0000,-0.0039,0.0000,,2.4302,116.1962,116.2216,,-0.9617,1.9237,2.1507
14:09:13,44.4487,0.0452,-0.9679,539.5131,45.2488,1.0982,False,,0.0000,-0.0032,0.0000,,2.4211,115.0267,115.0522,,-0.9546,1.6526,1.9085
14:09:13,44.4938,0.0452,-0.9571,540.0153,45.1926,1.0514,False,,0.0000,-0.0032,0.0000,,2.4124,113.8579,113.8835,,-0.8894,1.4125,1.6692
14:09:13,44.5375,0.0437,-0.9468,540.5169,45.1364,1.0073,False,,0.0000,-0.0032,0.0000,,2.4039,112.6896,112.7153,,-0.8265,1.1799,1.4405
14:09:13,44.5823,0.0448,-0.9321,541.2681,45.0524,0.9450,False,,0.0000,-0.0032,0.0000,,2.3919,110.9384,110.9642,,-0.6388,0.9092,1.1112
14:09:13,44.6264,0.0441,-0.9229,541.7681,44.9964,0.9054,False,,0.0000,-0.0032,0.0000,,2.3843,109.7718,109.7977,,-0.6157,0.6550,0.8990
14:09:13,44.6688,0.0423,-0.9140,542.2675,44.9405,0.8670,False,,0.0000,-0.0032,0.0000,,2.3771,108.6058,108.6318,,-0.6232,0.3801,0.7300
14:09:13,44.7134,0.0446,-0.9055,542.7663,44.8847,0.8296,False,,0.0000,-0.0032,0.0000,,2.3702,107.4403,107.4664,,-0.6165,0.1708,0.6397
14:09:13,44.7570,0.0436,-0.8974,543.2645,44.8290,0.7930,False,,0.0000,-0.0032,0.0000,,2.3637,106.2755,106.3018,,-0.5777,0.1160,0.5893
14:09:13,44.8007,0.0437,-0.8860,544.0106,44.7455,0.7392,False,,0.0000,-0.0032,0.0000,,2.3545,104.5294,104.5559,,-0.5444,0.0593,0.5476
14:09:13,44.8482,0.0475,-0.8788,544.5072,44.6899,0.7038,False,,0.0000,-0.0033,0.0000,,2.3488,103.3661,103.3928,,-0.5216,0.0402,0.5231
14:09:13,44.8930,0.0448,-0.8720,545.0032,44.6344,0.6684,False,,0.0000,-0.0035,0.0000,,2.3435,102.2035,102.2304,,-0.5092,0.0085,0.5093
14:09:13,44.9373,0.0443,-0.8655,545.4987,44.5790,0.6327,False,,0.0000,-0.0035,0.0000,,2.3386,101.0414,101.0684,,-0.5106,0.0082,0.5107
14:09:13,44.9834,0.0461,-0.8564,546.2407,44.4960,0.5785,False,,0.0000,-0.0037,0.0000,,2.3318,99.2994,99.3268,,-0.5127,0.0078,0.5128
14:09:13,45.0275,0.0442,-0.8508,546.7346,44.4407,0.5418,False,,0.0000,-0.0037,0.0000,,2.3278,98.1389,98.1665,,-0.5172,0.0023,0.5172
14:09:13,45.0729,0.0453,-0.8456,547.2278,44.3856,0.5049,False,,0.0000,-0.0037,0.0000,,2.3241,96.9790,97.0069,,-0.5220,0.0020,0.5220
14:09:13,45.1218,0.0489,-0.8383,547.9666,44.3029,0.4475,False,,0.0000,-0.0042,0.0000,,2.3193,95.2402,95.2685,,-0.5289,0.0015,0.5289
14:09:13,45.1697,0.0478,-0.8340,548.4584,44.2478,0.4059,False,,0.0000,-0.0055,0.0000,,2.3167,94.0819,94.1104,,-0.5331,0.0011,0.5331
14:09:13,45.2184,0.0487,-0.8301,548.9495,44.1927,0.3580,False,,0.0000,-0.0074,0.0000,,2.3149,92.9241,92.9529,,-1.5502,96.4320,96.4444
14:09:13,45.2642,0.0458,-0.8253,549.6851,44.1101,0.2715,False,,0.0000,-0.0086,0.0000,,2.3138,91.1885,91.2179,,-1.5513,96.0299,96.0424
14:09:13,45.3109,0.0467,-0.8228,550.1747,44.0551,0.2053,False,,0.0000,-0.0090,0.0000,,2.3140,90.0322,90.0620,,-1.5510,95.7494,95.7620
14:09:13,45.3544,0.0436,-0.8208,550.6638,44.0002,0.1337,False,,0.0000,-0.0090,0.0000,,2.3151,88.8766,88.9067,,-1.5500,95.4771,95.4896
14:09:13,45.3976,0.0432,-0.8193,551.1522,43.9454,0.0579,False,,0.0000,-0.0090,0.0000,,2.3169,87.7216,87.7522,,-1.5482,95.2129,95.2255
14:09:14,45.4387,0.0411,-0.8185,551.6400,43.8906,-0.0213,False,,0.0000,-0.0090,0.0000,,2.3194,86.5671,86.5981,,-1.5457,94.9631,94.9757
14:09:14,45.4840,0.0453,-0.8183,552.3707,43.8085,-0.1447,False,,0.0000,-0.0090,0.0000,,2.3245,84.8365,84.8683,,-1.5406,94.5714,94.5839
14:09:14,45.5292,0.0452,-0.8190,552.8570,43.7538,-0.2293,False,,0.0000,-0.0090,0.0000,,2.3287,83.6835,83.7159,,-1.5364,94.3090,94.3215
14:09:14,45.5752,0.0460,-0.8203,553.3427,43.6992,-0.3153,False,,0.0000,-0.0090,0.0000,,2.3337,82.5313,82.5642,,-1.5314,94.0464,94.0589
14:09:14,45.6210,0.0458,-0.8235,554.0701,43.6174,-0.4461,False,,0.0000,-0.0090,0.0000,,2.3424,80.8039,80.8378,,-1.5226,93.6545,93.6669
14:09:14,45.6641,0.0430,-0.8264,554.5543,43.5629,-0.5343,False,,0.0000,-0.0090,0.0000,,2.3492,79.6531,79.6878,,-1.5159,93.3922,93.4045
14:09:14,45.7093,0.0453,-0.8301,555.0379,43.5085,-0.6230,False,,0.0000,-0.0090,0.0000,,2.3566,78.5029,78.5383,,-1.5085,93.1319,93.1441
14:09:14,45.7557,0.0463,-0.8344,555.5209,43.4541,-0.7120,False,,0.0000,-0.0090,0.0000,,2.3647,77.3534,77.3895,,-1.5004,92.8724,92.8845
14:09:14,45.8010,0.0454,-0.8423,556.2442,43.3727,-0.8461,False,,0.0000,-0.0090,0.0000,,2.3783,75.6302,75.6676,,-1.4868,92.4836,92.4955
14:09:14,45.8495,0.0484,-0.8484,556.7256,43.3185,-0.9358,False,,0.0000,-0.0090,0.0000,,2.3882,74.4822,74.5205,,-1.4769,92.2259,92.2377
14:09:14,45.8945,0.0451,-0.8553,557.2065,43.2643,-1.0254,False,,0.0000,-0.0089,0.0000,,2.3989,73.3348,73.3740,,-1.4662,91.9680,91.9797
14:09:14,45.9405,0.0459,-0.8669,557.9266,43.1832,-1.1591,False,,0.0000,-0.0087,0.0000,,2.4162,71.6149,71.6556,,-1.4489,91.5847,91.5962
14:09:14,45.9880,0.0475,-0.8755,558.4059,43.1293,-1.2463,False,,0.0000,-0.0079,0.0000,,2.4285,70.4690,70.5108,,-1.4366,91.3286,91.3399
14:09:14,46.0359,0.0480,-0.8847,558.8846,43.0755,-1.3286,False,,0.0000,-0.0060,0.0000,,2.4412,69.3238,69.3668,,-1.4239,91.0723,91.0834
14:09:14,46.0827,0.0468,-0.8995,559.6015,42.9951,-1.4352,False,,0.0000,-0.0035,0.0000,,2.4606,67.6071,67.6518,,-1.4045,90.6914,90.7022
14:09:14,46.1285,0.0458,-0.9100,560.0787,42.9416,-1.4941,False,,0.0000,-0.0019,0.0000,,2.4735,66.4633,66.5093,,-1.3916,90.4367,90.4474
14:09:14,46.1724,0.0439,-0.9209,560.5552,42.8882,-1.5433,False,,0.0000,-0.0012,0.0000,,2.4865,65.3201,65.3674,,-1.3786,90.1834,90.1940
14:09:14,46.2163,0.0439,-0.9322,561.0312,42.8349,-1.5846,False,,0.0000,-0.0012,0.0000,,2.4995,64.1776,64.2263,,-1.3655,89.9310,89.9413
14:09:14,46.2615,0.0452,-0.9498,561.7440,42.7551,-1.6353,False,,0.0000,-0.0012,0.0000,,2.1092,62.4798,62.5154,,-1.3457,89.5518,89.5619
14:09:14,46.3062,0.0447,-0.9621,562.2184,42.7020,-1.6635,False,,0.0000,-0.0012,0.0000,,2.1226,61.3385,61.3752,,-1.3323,89.3016,89.3116
14:09:14,46.3507,0.0445,-0.9746,562.6923,42.6489,-1.6883,False,,0.0000,-0.0012,0.0000,,2.1362,60.1979,60.2358,,-1.3187,89.0506,89.0604
14:09:14,46.3958,0.0451,-0.9875,563.1656,42.5960,-1.7104,False,,0.0000,-0.0012,0.0000,,2.1500,59.0579,59.0970,,-1.3049,88.7994,88.8090
14:09:15,46.4397,0.0439,-1.0006,563.6382,42.5431,-1.7304,False,,0.0000,-0.0012,0.0000,,2.1640,57.9185,57.9589,,-1.2909,88.5508,88.5603
14:09:15,46.4847,0.0450,-1.0208,564.3461,42.4639,-1.7575,False,,0.0000,-0.0012,0.0000,,2.1853,56.2105,56.2529,,-1.2695,88.1771,88.1862
14:09:15,46.5304,0.0457,-1.0345,564.8173,42.4112,-1.7740,False,,0.0000,-0.0012,0.0000,,2.1998,55.0726,55.1165,,-1.2551,87.9288,87.9377
14:09:15,46.5733,0.0428,-1.0485,565.2879,42.3585,-1.7896,False,,0.0000,-0.0012,0.0000,,2.2144,53.9352,53.9807,,-1.2405,87.6817,87.6905
14:09:15,46.6151,0.0418,-1.0626,565.7579,42.3060,-1.8045,False,,0.0000,-0.0012,0.0000,,2.2291,52.7986,52.8456,,-1.2258,87.4341,87.4427
14:09:15,46.6604,0.0454,-1.0841,566.4618,42.2273,-1.8258,False,,0.0000,-0.0012,0.0000,,2.2515,51.0945,51.1441,,-1.2034,87.0665,87.0748
14:09:15,46.7065,0.0461,-1.0986,566.9303,42.1749,-1.8395,False,,0.0000,-0.0012,0.0000,,2.2666,49.9594,50.0107,,-1.1883,86.8209,86.8290
14:09:15,46.7518,0.0453,-1.1132,567.3983,42.1225,-1.8529,False,,0.0000,-0.0012,0.0000,,2.2818,48.8247,48.8779,,-1.1731,86.5761,86.5841
14:09:15,46.7944,0.0426,-1.1280,567.8656,42.0703,-1.8660,False,,0.0000,-0.0012,0.0000,,2.2971,47.6906,47.7459,,-1.1578,86.3328,86.3405
14:09:15,46.8385,0.0441,-1.1429,568.3324,42.0181,-1.8789,False,,0.0000,-0.0012,0.0000,,2.3125,46.5571,46.6145,,-1.1423,86.0888,86.0963
14:09:15,46.8826,0.0441,-1.1654,569.0314,41.9399,-1.8979,False,,0.0000,-0.0012,0.0000,,2.3359,44.8580,44.9188,,-1.1190,85.7250,85.7323
14:09:15,46.9314,0.0488,-1.1806,569.4968,41.8879,-1.9105,False,,0.0000,-0.0012,0.0000,,2.3516,43.7260,43.7892,,-1.1032,85.4830,85.4901
14:09:15,46.9794,0.0479,-1.1959,569.9615,41.8359,-1.9225,False,,0.0000,-0.0010,0.0000,,2.3674,42.5946,42.6603,,-1.0875,85.2404,85.2473
14:09:15,47.0287,0.0494,-1.2189,570.6575,41.7581,-1.9380,False,,0.0000,-0.0004,0.0000,,2.3910,40.8985,40.9683,,-1.0638,84.8803,84.8870
14:09:15,47.0751,0.0464,-1.2343,571.1208,41.7063,-1.9446,False,,0.0000,0.0009,0.0000,,2.4067,39.7686,39.8414,,-1.0481,84.6398,84.6463
14:09:15,47.1212,0.0461,-1.2573,571.8146,41.6287,-1.9455,False,,0.0000,0.0019,0.0000,,2.4298,38.0748,38.1523,,-1.0251,84.2810,84.2872
14:09:15,47.1664,0.0452,-1.2726,572.2765,41.5771,-1.9402,False,,0.0000,0.0025,0.0000,,2.4448,36.9464,37.0272,,-1.0100,84.0422,84.0483
14:09:15,47.2122,0.0458,-1.2878,572.7378,41.5255,-1.9306,False,,0.0000,0.0027,0.0000,,2.4596,35.8185,35.9028,,-0.9952,83.8030,83.8089
14:09:15,47.2566,0.0444,-1.3029,573.1985,41.4740,-1.9174,False,,0.0000,0.0027,0.0000,,2.4742,34.6912,34.7793,,-0.9806,83.5664,83.5721
14:09:15,47.3017,0.0451,-1.3255,573.8885,41.3968,-1.8927,False,,0.0000,0.0027,0.0000,,2.4957,33.0015,33.0957,,-0.9591,83.2106,83.2161
14:09:15,47.3487,0.0470,-1.3404,574.3478,41.3455,-1.8729,False,,0.0000,0.0032,0.0000,,2.5098,31.8756,31.9743,,-0.9450,82.9759,82.9813
14:09:15,47.3949,0.0462,-1.3552,574.8065,41.2942,-1.8497,False,,0.0000,0.0039,0.0000,,2.5236,30.7504,30.8538,,-0.9313,82.7406,82.7458
14:09:16,47.4441,0.0492,-1.3769,575.4935,41.2173,-1.8067,False,,0.0000,0.0048,0.0000,,2.5435,29.0637,29.1748,,-0.9114,82.3885,82.3935
14:09:16,47.4880,0.0439,-1.3911,575.9509,41.1661,-1.7720,False,,0.0000,0.0057,0.0000,,2.5562,27.9399,28.0566,,-0.8987,82.1552,82.1601
14:09:16,47.5350,0.0470,-1.4050,576.4077,41.1149,-1.7319,False,,0.0000,0.0063,0.0000,,2.5684,26.8168,26.9395,,-0.8865,81.9211,81.9259
14:09:16,47.5813,0.0463,-1.4252,577.0917,41.0382,-1.6625,False,,0.0000,0.0067,0.0000,,2.5857,25.1332,25.2658,,-0.8692,81.5726,81.5773
14:09:16,47.6241,0.0428,-1.4382,577.5471,40.9872,-1.6115,False,,0.0000,0.0067,0.0000,,2.5966,24.0115,24.1515,,-0.8583,81.3406,81.3452
14:09:16,47.6678,0.0437,-1.4509,578.0020,40.9362,-1.5577,False,,0.0000,0.0067,0.0000,,2.6070,22.8903,23.0383,,-0.8479,81.1081,81.1125
14:09:16,47.7128,0.0450,-1.4633,578.4562,40.8853,-1.5017,False,,0.0000,0.0067,0.0000,,2.6170,21.7698,21.9265,,-0.8379,80.8785,80.8828
14:09:16,47.7666,0.0538,-1.4810,579.1365,40.8091,-1.4147,False,,0.0000,0.0067,0.0000,,2.6311,20.0900,20.2616,,-0.8239,80.5327,80.5369
14:09:16,47.8130,0.0463,-1.4924,579.5894,40.7583,-1.3552,False,,0.0000,0.0067,0.0000,,2.6399,18.9709,19.1537,,-0.8151,80.3015,80.3057
14:09:16,47.8585,0.0456,-1.5033,580.0417,40.7076,-1.2948,False,,0.0000,0.0067,0.0000,,2.3030,17.8967,18.0443,,-0.8067,80.0732,80.0773
14:09:16,47.9049,0.0464,-1.5188,580.7192,40.6316,-1.2034,False,,0.0000,0.0066,0.0000,,2.3147,16.2199,16.3842,,-0.7951,79.7296,79.7335
14:09:16,47.9506,0.0457,-1.5286,581.1701,40.5810,-1.1424,False,,0.0000,0.0065,0.0000,,2.3219,15.1028,15.2802,,-0.7879,79.5014,79.5053
14:09:16,47.9969,0.0463,-1.5380,581.6205,40.5305,-1.0820,False,,0.0000,0.0061,0.0000,,2.3288,13.9862,14.1787,,-0.7811,79.2746,79.2784
14:09:16,48.0426,0.0457,-1.5512,582.2950,40.4549,-0.9938,False,,0.0000,0.0057,0.0000,,2.3383,12.3122,12.5323,,-0.7716,78.9346,78.9383
14:09:16,48.0901,0.0475,-1.5595,582.7440,40.4046,-0.9372,False,,0.0000,0.0052,0.0000,,2.3442,11.1970,11.4397,,-0.7657,78.7093,78.7130
14:09:16,48.1354,0.0453,-1.5674,583.1925,40.3543,-0.8831,False,,0.0000,0.0047,0.0000,,2.3498,10.0822,10.3524,,-0.7601,78.4838,78.4875
14:09:16,48.1813,0.0460,-1.5785,583.8641,40.2791,-0.8083,False,,0.0000,0.0040,0.0000,,2.3577,8.4111,8.7353,,-0.7522,78.1475,78.1511
14:09:16,48.2252,0.0439,-1.5854,584.3112,40.2291,-0.7632,False,,0.0000,0.0032,0.0000,,2.0855,7.3685,7.6579,,-0.7472,77.9237,77.9273
14:09:16,48.2716,0.0464,-1.5921,584.7578,40.1791,-0.7232,False,,0.0000,0.0022,0.0000,,2.0905,6.2556,6.5956,,-0.7422,77.6995,77.7031
14:09:16,48.3163,0.0446,-1.5985,585.2037,40.1292,-0.6888,False,,0.0000,0.0014,0.0000,,2.0954,5.1432,5.5536,,-0.7373,77.4778,77.4813
14:09:16,48.3605,0.0443,-1.6075,585.8717,40.0544,-0.6460,False,,0.0000,0.0014,0.0000,,1.8224,3.5848,4.0214,,-0.7301,77.1444,77.1478
14:09:16,48.4080,0.0475,-1.6133,586.3163,40.0047,-0.6217,False,,0.0000,0.0014,0.0000,,1.7373,2.5223,3.0627,,-0.7254,76.9232,76.9266
14:09:17,48.4520,0.0440,-1.6187,586.7604,39.9550,-0.5999,False,,0.0000,0.0014,0.0000,,1.4154,1.6436,2.1691,,-0.7208,76.7029,76.7063
14:09:17,48.4961,0.0440,-1.6240,587.2039,39.9054,-0.5801,False,,0.0000,0.0014,0.0000,,1.4198,0.5338,1.5168,,-0.7164,76.4821,76.4854
14:09:17,48.5399,0.0438,-1.6290,587.6469,39.8558,-0.5619,False,,0.0000,0.0014,0.0000,,1.3128,0.1411,1.3204,,-0.7122,76.2623,76.2656
14:09:17,48.5830,0.0431,-1.6362,588.3102,39.7816,-0.5367,False,,0.0000,0.0014,0.0000,,1.1685,0.0050,1.1685,,-0.7061,75.9343,75.9376
14:09:17,48.6263,0.0433,-1.6407,588.7518,39.7322,-0.5209,False,,0.0000,0.0014,0.0000,,1.0834,-0.0223,1.0837,,-0.7022,75.7149,75.7182
14:09:17,48.6714,0.0451,-1.6451,589.1929,39.6829,-0.5059,False,,0.0000,0.0014,0.0000,,3.2517,195.0662,195.0933,,-0.6984,75.4982,75.5015
14:09:17,48.7163,0.0449,-1.6493,589.6334,39.6336,-0.4913,False,,0.0000,0.0014,0.0000,,3.2553,193.9590,193.9864,,-0.6949,75.2810,75.2842
14:09:17,48.7619,0.0456,-1.6554,590.2931,39.5598,-0.4702,False,,0.0000,0.0014,0.0000,,3.2605,192.2993,192.3270,,-0.6897,74.9557,74.9589
14:09:17,48.8080,0.0461,-1.6592,590.7322,39.5107,-0.4564,False,,0.0000,0.0014,0.0000,,3.2637,191.1936,191.2215,,-0.6864,74.7404,74.7436
14:09:17,48.8522,0.0442,-1.6630,591.1708,39.4617,-0.4429,False,,0.0000,0.0014,0.0000,,3.2669,190.0884,190.1165,,-0.6833,74.5247,74.5278
14:09:17,48.8964,0.0442,-1.6665,591.6088,39.4127,-0.4295,False,,0.0000,0.0014,0.0000,,3.2699,188.9837,189.0120,,-0.6803,74.3099,74.3130
14:09:17,48.9407,0.0443,-1.6717,592.2649,39.3393,-0.4098,False,,0.0000,0.0014,0.0000,,3.2742,187.3277,187.3563,,-0.6760,73.9891,73.9922
14:09:17,48.9845,0.0437,-1.6750,592.7015,39.2905,-0.3967,False,,0.0000,0.0014,0.0000,,3.2769,186.2244,186.2533,,-0.6732,73.7748,73.7779
14:09:17,49.0281,0.0436,-1.6782,593.1377,39.2417,-0.3837,False,,0.0000,0.0014,0.0000,,3.2796,185.1216,185.1507,,-0.6706,73.5630,73.5661
14:09:17,49.0724,0.0443,-1.6812,593.5733,39.1930,-0.3708,False,,0.0000,0.0014,0.0000,,3.2821,184.0194,184.0487,,-0.6681,73.3506,73.3536
14:09:17,49.1163,0.0438,-1.6842,594.0084,39.1444,-0.3580,False,,0.0000,0.0014,0.0000,,3.2845,182.9177,182.9472,,-0.6657,73.1379,73.1410
14:09:17,49.1620,0.0457,-1.6884,594.6600,39.0715,-0.3388,False,,0.0000,0.0014,0.0000,,3.2879,181.2662,181.2960,,-0.6623,72.8225,72.8255
14:09:17,49.2096,0.0476,-1.6911,595.0937,39.0230,-0.3260,False,,0.0000,0.0014,0.0000,,3.2900,180.1658,180.1959,,-0.6602,72.6115,72.6145
14:09:17,49.2530,0.0434,-1.6936,595.5269,38.9746,-0.3134,False,,0.0000,0.0014,0.0000,,3.2920,179.0660,179.0963,,-0.6581,72.4017,72.4047
14:09:17,49.2946,0.0415,-1.6961,595.9595,38.9262,-0.3007,False,,0.0000,0.0014,0.0000,,3.2940,177.9668,177.9973,,-0.6562,72.1929,72.1959
14:09:17,49.3396,0.0450,-1.6985,596.3916,38.8779,-0.2880,False,,0.0000,0.0014,0.0000,,3.2958,176.8680,176.8987,,-0.6544,71.9834,71.9864
14:09:17,49.3849,0.0454,-1.7018,597.0388,38.8055,-0.2697,False,,0.0000,0.0012,0.0000,,3.2984,175.2209,175.2520,,-0.6518,71.6718,71.6748
14:09:17,49.4298,0.0449,-1.7040,597.4695,38.7573,-0.2585,False,,0.0000,0.0009,0.0000,,3.3001,174.1235,174.1547,,-0.6501,71.4642,71.4672
14:09:18,49.4743,0.0445,-1.7061,597.8998,38.7092,-0.2493,False,,0.0000,0.0000,0.0000,,3.3018,173.0266,173.0581,,-0.6484,71.2562,71.2592
14:09:18,49.5193,0.0450,-1.7081,598.3295,38.6612,-0.2423,False,,0.0000,0.0000,0.0000,,3.3035,171.9303,171.9620,,-0.6466,71.0508,71.0538
14:09:18,49.5689,0.0495,-1.7111,598.9730,38.5892,-0.2345,False,,0.0000,0.0000,0.0000,,3.3062,170.2868,170.3189,,-0.6440,70.7421,70.7450
14:09:18,49.6139,0.0450,-1.7130,599.4014,38.5413,-0.2308,False,,0.0000,0.0000,0.0000,,3.3079,169.1918,169.2242,,-0.6422,70.5370,70.5399
14:09:18,49.6588,0.0449,-1.7149,599.8292,38.4935,-0.2279,False,,0.0000,0.0000,0.0000,,3.3097,168.0974,168.1299,,-0.6405,70.3314,70.3343
14:09:18,49.7034,0.0447,-1.7177,600.4700,38.4218,-0.2248,False,,0.0000,0.0000,0.0000,,3.3123,166.4567,166.4896,,-0.6379,70.0282,70.0311
14:09:18,49.7462,0.0428,-1.7195,600.8965,38.3741,-0.2233,False,,0.0000,0.0000,0.0000,,3.3141,165.3635,165.3967,,-0.6361,69.8247,69.8276
14:09:18,49.7908,0.0446,-1.7212,601.3225,38.3265,-0.2221,False,,0.0000,0.0000,0.0000,,3.3158,164.2709,164.3043,,-0.6344,69.6215,69.6244
14:09:18,49.8339,0.0431,-1.7230,601.7479,38.2789,-0.2212,False,,0.0000,0.0000,0.0000,,3.3175,163.1788,163.2126,,-0.6327,69.4195,69.4224
14:09:18,49.8778,0.0439,-1.7247,602.1729,38.2314,-0.2205,False,,0.0000,0.0000,0.0000,,3.3192,162.0873,162.1213,,-0.6310,69.2172,69.2201
14:09:18,49.9194,0.0416,-1.7264,602.5973,38.1840,-0.2199,False,,0.0000,0.0000,0.0000,,3.3208,160.9962,161.0305,,-0.6293,69.0157,69.0186
14:09:18,49.9614,0.0420,-1.7289,603.2328,38.1129,-0.2193,False,,0.0000,0.0000,0.0000,,3.3233,159.3607,159.3954,,-0.6268,68.7156,68.7184
14:09:18,50.0067,0.0454,-1.7306,603.6559,38.0656,-0.2191,False,,0.0000,0.0000,0.0000,,3.3250,158.2710,158.3059,,-0.6252,68.5144,68.5173
14:09:18,50.0519,0.0452,-1.7322,604.0785,38.0183,-0.2188,False,,0.0000,0.0000,0.0000,,3.3266,157.1818,157.2170,,-0.6236,68.3157,68.3186
14:09:18,50.0981,0.0461,-1.7339,604.5005,37.9711,-0.2187,False,,0.0000,0.0000,0.0000,,3.3283,156.0932,156.1287,,-0.6219,68.1165,68.1193
14:09:18,50.1438,0.0457,-1.7363,605.1326,37.9004,-0.2185,False,,0.0000,0.0000,0.0000,,3.3307,154.4612,154.4971,,-0.6195,67.8206,67.8235
14:09:18,50.1885,0.0447,-1.7379,605.5533,37.8534,-0.2184,False,,0.0000,0.0000,0.0000,,3.3323,153.3738,153.4100,,-0.6179,67.6226,67.6254
14:09:18,50.2310,0.0425,-1.7396,605.9734,37.8064,-0.2183,False,,0.0000,0.0000,0.0000,,3.3339,152.2870,152.3235,,-0.6163,67.4251,67.4279
14:09:18,50.2745,0.0434,-1.7412,606.3931,37.7595,-0.2183,False,,0.0000,0.0000,0.0000,,3.3355,151.2007,151.2375,,-0.6146,67.2288,67.2316
14:09:18,50.3171,0.0426,-1.7428,606.8123,37.7126,-0.2182,False,,0.0000,0.0000,0.0000,,3.3371,150.1149,150.1520,,-0.6130,67.0308,67.0336
14:09:18,50.3603,0.0432,-1.7452,607.4401,37.6424,-0.2182,False,,0.0000,0.0000,0.0000,,3.3396,148.4872,148.5248,,-0.6106,66.7391,66.7419
14:09:18,50.4050,0.0447,-1.7468,607.8579,37.5956,-0.2181,False,,0.0000,0.0000,0.0000,,3.3411,147.4028,147.4406,,-0.6090,66.5435,66.5463
14:09:19,50.4497,0.0447,-1.7484,608.2753,37.5490,-0.2181,False,,0.0000,0.0000,0.0000,,3.3427,146.3188,146.3570,,-0.6074,66.3503,66.3531
14:09:19,50.4951,0.0455,-1.7500,608.6921,37.5023,-0.2181,False,,0.0000,0.0000,0.0000,,3.3443,145.2353,145.2738,,-0.6059,66.1568,66.1596
14:09:19,50.5412,0.0460,-1.7523,609.3163,37.4325,-0.2181,False,,0.0000,0.0000,0.0000,,3.3467,143.6111,143.6501,,-0.6035,65.8675,65.8703
14:09:19,50.5862,0.0451,-1.7539,609.7319,37.3860,-0.2181,False,,0.0000,0.0000,0.0000,,3.3483,142.5290,142.5683,,-0.6019,65.6757,65.6785
14:09:19,50.6290,0.0427,-1.7555,610.1469,37.3396,-0.2181,False,,0.0000,0.0000,0.0000,,3.3499,141.4473,141.4870,,-0.6003,65.4836,65.4863
14:09:19,50.6732,0.0442,-1.7571,610.5614,37.2932,-0.2181,False,,0.0000,0.0000,0.0000,,3.3515,140.3662,140.4062,,-0.5987,65.2931,65.2958
14:09:19,50.7198,0.0466,-1.7587,610.9754,37.2604,-0.2181,False,,0.0463,0.0000,0.0000,,3.3530,139.2856,139.3259,,-0.5972,65.1021,65.1048
14:09:19,50.7653,0.0455,-1.7610,611.5959,37.2145,-0.2181,False,,0.0414,0.0000,0.0000,,3.3554,137.6652,137.7060,,-0.5948,64.8143,64.8171
14:09:19,50.8105,0.0452,-1.7626,612.0091,37.1831,-0.2181,False,,0.0365,0.0000,0.0000,,3.3570,136.5853,136.6266,,-0.5932,64.6234,64.6261
14:09:19,50.8528,0.0424,-1.7642,612.4220,37.1513,-0.2181,False,,0.0365,0.0000,0.0000,,3.3585,135.5058,135.5474,,-0.5917,64.4321,64.4348
14:09:19,50.8965,0.0436,-1.7657,612.8345,37.1195,-0.2181,False,,0.0365,0.0000,0.0000,,3.3601,134.4266,134.4686,,-0.5901,64.2429,64.2456
14:09:19,50.9393,0.0428,-1.7673,613.2467,37.0877,-0.2181,False,,0.0365,0.0000,0.0000,,3.3617,133.3478,133.3902,,-0.5885,64.0538,64.0565
14:09:19,50.9849,0.0456,-1.7697,613.8643,37.0422,-0.2181,False,,0.0414,0.0000,0.0000,,3.3640,131.7303,131.7732,,-0.5862,63.7726,63.7753
14:09:19,51.0288,0.0439,-1.7712,614.2756,37.0139,-0.2181,False,,0.0463,0.0000,0.0000,,3.3656,130.6523,130.6957,,-0.5846,63.5841,63.5867
14:09:19,51.0749,0.0461,-1.7728,614.6867,36.9859,-0.2181,False,,0.0463,0.0000,0.0000,,3.3672,129.5746,129.6184,,-0.5830,63.3952,63.3979
14:09:19,51.1204,0.0455,-1.7751,615.3027,36.9441,-0.2181,False,,0.0463,0.0000,0.0000,,3.3695,127.9587,128.0031,,-0.5807,63.1148,63.1175
14:09:19,51.1650,0.0446,-1.7767,615.7129,36.9178,-0.2181,False,,0.0512,0.0000,0.0000,,3.3711,126.8819,126.9267,,-0.5791,62.9269,62.9296
14:09:19,51.2091,0.0441,-1.7783,616.1229,36.8947,-0.2181,False,,0.0610,0.0000,0.0000,,3.3726,125.8053,125.8505,,-0.5776,62.7402,62.7429
14:09:19,51.2564,0.0473,-1.7798,616.5326,36.8753,-0.2181,False,,0.0708,0.0000,0.0000,,3.3742,124.7289,124.7746,,-0.5760,62.5540,62.5566
14:09:19,51.3025,0.0461,-1.7822,617.1470,36.8584,-0.2181,False,,0.0953,0.0000,0.0000,,3.3765,123.1146,123.1609,,-0.5737,62.2725,62.2752
14:09:19,51.3490,0.0465,-1.7837,617.5565,36.8604,-0.2181,False,,0.1296,0.0000,0.0000,,3.3781,122.0385,122.0852,,-0.5721,62.0872,62.0899
14:09:19,51.3940,0.0449,-1.7853,617.9662,36.8882,-0.2181,False,,0.2080,0.0000,0.0000,,3.3796,120.9621,121.0093,,-0.5705,61.9003,61.9029
14:09:20,51.4379,0.0439,-1.7868,618.3765,36.9517,-0.2181,False,,0.3061,0.0000,0.0000,,3.3812,119.8852,119.9329,,-0.5690,61.7116,61.7142
14:09:20,51.4828,0.0449,-1.7892,618.9938,37.0882,-0.2181,False,,0.3796,0.0000,0.0000,,3.3836,118.2679,118.3163,,-0.5666,61.4301,61.4327
14:09:20,51.5276,0.0448,-1.7908,619.4069,37.2045,-0.2181,False,,0.4188,0.0000,0.0000,,3.3851,117.1883,117.2372,,-0.5651,61.2392,61.2418
14:09:20,51.5716,0.0440,-1.7923,619.8212,37.3232,-0.2181,False,,0.4237,0.0000,0.0000,,3.3867,116.1073,116.1567,,-0.5635,61.0490,61.0516
14:09:20,51.6170,0.0454,-1.7939,620.2369,37.4423,-0.2181,False,,0.4237,0.0000,0.0000,,3.3883,115.0250,115.0749,,-0.5619,60.8566,60.8592
14:09:20,51.6607,0.0437,-1.7963,620.8629,37.6209,-0.2181,False,,0.4237,0.0000,0.0000,,3.3907,113.3990,113.4497,,-0.5595,60.5669,60.5695
14:09:20,51.7045,0.0438,-1.7979,621.2819,37.7383,-0.2181,False,,0.4188,0.0000,0.0000,,3.3923,112.3134,112.3646,,-0.5579,60.3714,60.3740
14:09:20,51.7483,0.0438,-1.7995,621.7022,37.8554,-0.2181,False,,0.4188,0.0000,0.0000,,3.3939,111.2265,111.2783,,-0.5563,60.1738,60.1764
14:09:20,51.7928,0.0444,-1.8011,622.1238,37.9706,-0.2181,False,,0.4139,0.0000,0.0000,,3.3955,110.1383,110.1906,,-0.5547,59.9757,59.9783
14:09:20,51.8355,0.0427,-1.8027,622.5466,38.0855,-0.2181,False,,0.4139,0.0000,0.0000,,3.3971,109.0488,109.1017,,-0.5531,59.7764,59.7789
14:09:20,51.8792,0.0437,-1.8043,622.9708,38.2000,-0.2181,False,,0.4139,0.0000,0.0000,,3.3987,107.9581,108.0116,,-0.5515,59.5748,59.5773
14:09:20,51.9244,0.0452,-1.8068,623.6094,38.3737,-0.2181,False,,0.4188,0.0000,0.0000,,3.4011,106.3195,106.3739,,-0.5491,59.2716,59.2741
14:09:20,51.9705,0.0461,-1.8084,624.0367,38.4928,-0.2181,False,,0.4286,0.0000,0.0000,,3.4028,105.2255,105.2805,,-0.5474,59.0672,59.0697
14:09:20,52.0169,0.0465,-1.8100,624.4655,38.6196,-0.2181,False,,0.4531,0.0000,0.0000,,3.4044,104.1302,104.1858,,-0.5458,58.8604,58.8629
14:09:20,52.0650,0.0480,-1.8125,625.1115,38.8327,-0.2181,False,,0.5000,0.0000,0.0000,,3.4068,102.4843,102.5409,,-0.5434,58.5505,58.5530
14:09:20,52.1108,0.0458,-1.8141,625.5441,38.9806,-0.2181,False,,0.5000,0.0000,0.0000,,3.4085,101.3849,101.4422,,-0.5417,58.3402,58.3427
14:09:20,52.1566,0.0458,-1.8158,625.9785,39.1278,-0.2181,False,,0.5000,0.0000,0.0000,,3.4101,100.2840,100.3420,,-0.5400,58.1287,58.1312
14:09:20,52.2002,0.0437,-1.8183,626.6331,39.3481,-0.2181,False,,0.5000,0.0000,0.0000,,3.4126,98.6295,98.6885,,-0.5376,57.8094,57.8119
14:09:20,52.2464,0.0462,-1.8199,627.0715,39.4946,-0.2181,False,,0.5000,0.0000,0.0000,,3.4143,97.5244,97.5842,,-0.5359,57.5928,57.5953
14:09:20,52.2919,0.0455,-1.8216,627.5115,39.6409,-0.2181,False,,0.5000,0.0000,0.0000,,3.4160,96.4177,96.4782,,-0.5342,57.3765,57.3790
14:09:20,52.3360,0.0441,-1.8233,627.9532,39.7871,-0.2181,False,,0.5000,0.0000,0.0000,,3.4177,95.3095,95.3707,,-0.5325,57.1581,57.1606
14:09:20,52.3800,0.0440,-1.8250,628.3965,39.9330,-0.2181,False,,0.5000,0.0000,0.0000,,3.4193,94.1995,94.2616,,-0.5308,56.9383,56.9408
14:09:20,52.4260,0.0460,-1.8275,629.0645,40.1517,-0.2181,False,,0.5000,0.0000,0.0000,,3.4219,92.5316,92.5949,,-0.5283,56.6055,56.6080
14:09:21,52.4708,0.0447,-1.8292,629.5118,40.2972,-0.2181,False,,0.5000,0.0000,0.0000,,3.4236,91.4177,91.4818,,-0.5266,56.3809,56.3834
14:09:21,52.5168,0.0461,-1.8309,629.9608,40.4425,-0.2181,False,,0.5000,0.0000,0.0000,,3.4253,90.3021,90.3670,,-0.5249,56.1563,56.1588
14:09:21,52.5617,0.0449,-1.8335,630.6372,40.6601,-0.2181,False,,0.5000,0.0000,0.0000,,3.4279,88.6257,88.6919,,-0.5223,55.8142,55.8167
14:09:21,52.6077,0.0460,-1.8352,631.0903,40.8182,-0.2181,False,,0.5469,0.0000,0.0000,,3.4296,87.5060,87.5732,,-0.5206,55.5848,55.5872
14:09:21,52.6508,0.0430,-1.8370,631.5452,40.9953,-0.2181,False,,0.6008,0.0000,0.0000,,3.4313,86.3844,86.4525,,-0.5189,55.3536,55.3560
14:09:21,52.6968,0.0460,-1.8387,632.0023,41.1831,-0.2181,False,,0.6204,0.0000,0.0000,,3.4331,85.2607,85.3298,,-0.5171,55.1190,55.1214
14:09:21,52.7400,0.0432,-1.8404,632.4615,41.3817,-0.2181,False,,0.6498,0.0000,0.0000,,3.4348,84.1348,84.2049,,-0.5154,54.8829,54.8854
14:09:21,52.7841,0.0440,-1.8431,633.1548,41.7013,-0.2181,False,,0.6890,0.0000,0.0000,,3.4375,82.4417,82.5133,,-0.5127,54.5253,54.5277
14:09:21,52.8288,0.0448,-1.8449,633.6200,41.9268,-0.2181,False,,0.7184,0.0000,0.0000,,3.4392,81.3099,81.3826,,-0.5110,54.2820,54.2844
14:09:21,52.8719,0.0430,-1.8466,634.0878,42.1560,-0.2181,False,,0.7233,0.0000,0.0000,,3.4410,80.1755,80.2493,,-0.5092,54.0384,54.0408
14:09:21,52.9140,0.0422,-1.8484,634.5581,42.3859,-0.2181,False,,0.7233,0.0000,0.0000,,3.4428,79.0385,79.1135,,-0.5074,53.7916,53.7940
14:09:21,52.9566,0.0426,-1.8502,635.0309,42.6156,-0.2181,False,,0.7233,0.0000,0.0000,,3.4446,77.8991,77.9752,,-0.5056,53.5407,53.5430
14:09:21,52.9991,0.0425,-1.8520,635.5063,42.8450,-0.2181,False,,0.7233,0.0000,0.0000,,3.4464,76.7570,76.8344,,-0.5038,53.2893,53.2916
14:09:21,53.0431,0.0440,-1.8548,636.2242,43.1843,-0.2181,False,,0.7135,0.0000,0.0000,,3.4491,75.0393,75.1185,,-0.5011,52.9061,52.9085
14:09:21,53.0878,0.0447,-1.8566,636.7059,43.4078,-0.2181,False,,0.7086,0.0000,0.0000,,3.4510,73.8909,73.9715,,-0.4992,52.6489,52.6513
14:09:21,53.1327,0.0449,-1.8584,637.1900,43.6280,-0.2181,False,,0.6988,0.0000,0.0000,,3.4528,72.7402,72.8221,,-0.4974,52.3883,52.3907
14:09:21,53.1760,0.0433,-1.8603,637.6766,43.8428,-0.2181,False,,0.6841,0.0000,0.0000,,3.4547,71.5870,71.6703,,-0.4955,52.1246,52.1270
14:09:21,53.2199,0.0439,-1.8622,638.1655,44.0544,-0.2181,False,,0.6792,0.0000,0.0000,,3.4565,70.4315,70.5162,,-0.4937,51.8604,51.8628
14:09:21,53.2668,0.0469,-1.8650,638.9031,44.3658,-0.2181,False,,0.6694,0.0000,0.0000,,3.4593,68.6939,68.7809,,-0.4909,51.4575,51.4598
14:09:21,53.3119,0.0451,-1.8668,639.3978,44.5706,-0.2181,False,,0.6645,0.0000,0.0000,,3.4612,67.5325,67.6212,,-0.4890,51.1851,51.1875
14:09:21,53.3538,0.0420,-1.8687,639.8947,44.7746,-0.2181,False,,0.6645,0.0000,0.0000,,3.4631,66.3690,66.4593,,-0.4871,50.9124,50.9147
14:09:21,53.3961,0.0423,-1.8706,640.3939,44.9784,-0.2181,False,,0.6645,0.0000,0.0000,,3.4650,65.2032,65.2952,,-0.4852,50.6359,50.6382
14:09:22,53.4397,0.0436,-1.8725,640.8953,45.1806,-0.2181,False,,0.6596,0.0000,0.0000,,3.4669,64.0352,64.1289,,-0.4833,50.3566,50.3589
14:09:22,53.4839,0.0442,-1.8754,641.6517,45.4825,-0.2181,False,,0.6596,0.0000,0.0000,,3.4698,62.2788,62.3754,,-0.4804,49.9362,49.9385
14:09:22,53.5331,0.0491,-1.8774,642.1587,45.6673,-0.2181,False,,0.5959,0.0000,0.0000,,3.4717,61.1052,61.2038,,-0.4785,49.6515,49.6538
14:09:22,53.5802,0.0471,-1.8803,642.9224,45.8853,-0.2181,False,,0.4874,0.0000,0.0000,,3.4746,59.3416,59.4433,,-0.4756,49.2231,49.2254
14:09:22,53.6297,0.0496,-1.8822,643.4330,45.9613,-0.2181,False,,0.2619,0.0000,0.0000,,3.4766,58.1644,58.2682,,-0.4736,48.9355,48.9378
14:09:22,53.6755,0.0458,-1.8841,643.9439,45.9780,-0.2181,False,,0.1345,0.0000,0.0000,,3.4785,56.9868,57.0929,,-0.4717,48.6462,48.6485
14:09:22,53.7196,0.0441,-1.8861,644.4547,45.9575,-0.2181,False,,0.0610,0.0000,0.0000,,3.4805,55.8095,55.9179,,-0.4697,48.3596,48.3618
14:09:22,53.7644,0.0448,-1.8890,645.2198,45.8826,-0.2181,False,,0.0000,0.0000,0.0000,,3.0737,54.0693,54.1566,,-0.4668,47.9288,47.9311
14:09:22,53.8099,0.0455,-1.8909,645.7292,45.8255,-0.2181,False,,0.0000,0.0000,0.0000,,3.0756,52.8933,52.9827,,-0.4649,47.6421,47.6444
14:09:22,53.8551,0.0451,-1.8929,646.2379,45.7687,-0.2181,False,,0.0000,0.0000,0.0000,,3.0776,51.7180,51.8094,,-0.4629,47.3568,47.3591
14:09:22,53.8990,0.0440,-1.8948,646.7460,45.7120,-0.2181,False,,0.0000,0.0000,0.0000,,3.0795,50.5433,50.6370,,-0.4610,47.0717,47.0739
14:09:22,53.9415,0.0425,-1.8977,647.5069,45.6271,-0.2181,False,,0.0000,0.0000,0.0000,,3.0824,48.7824,48.8797,,-0.4581,46.6467,46.6490
14:09:22,53.9839,0.0423,-1.8996,648.0134,45.5705,-0.2181,False,,0.0000,0.0000,0.0000,,3.0843,47.6093,47.7091,,-0.4562,46.3632,46.3654
14:09:22,54.0282,0.0443,-1.9016,648.5192,45.5141,-0.2181,False,,0.0000,0.0000,0.0000,,3.0862,46.4368,46.5393,,-0.4543,46.0811,46.0834
14:09:22,54.0703,0.0421,-1.9035,649.0245,45.4577,-0.2181,False,,0.0000,0.0000,0.0000,,3.0882,45.2650,45.3702,,-0.4523,45.7996,45.8018
14:09:22,54.1132,0.0429,-1.9054,649.5291,45.4014,-0.2181,False,,0.0000,0.0000,0.0000,,3.0901,44.0937,44.2018,,-0.4504,45.5177,45.5199
14:09:22,54.1555,0.0424,-1.9073,650.0331,45.3451,-0.2181,False,,0.0000,0.0000,0.0000,,3.0920,42.9231,43.0343,,-0.4485,45.2374,45.2396
14:09:22,54.2010,0.0455,-1.9102,650.7879,45.2608,-0.2181,False,,0.0000,0.0000,0.0000,,3.0949,41.1683,41.2845,,-0.4456,44.8178,44.8200
14:09:22,54.2468,0.0458,-1.9121,651.2903,45.2048,-0.2181,False,,0.0000,0.0000,0.0000,,3.0968,39.9993,40.1190,,-0.4437,44.5375,44.5398
14:09:22,54.2918,0.0450,-1.9140,651.7922,45.1487,-0.2181,False,,0.0000,0.0000,0.0000,,2.6933,38.8622,38.9555,,-0.4418,44.2604,44.2626
14:09:22,54.3368,0.0450,-1.9159,652.2933,45.0928,-0.2181,False,,0.0000,0.0000,0.0000,,2.6952,37.6945,37.7907,,-0.4399,43.9827,43.9849
14:09:22,54.3834,0.0466,-1.9188,653.0439,45.0090,-0.2181,False,,0.0000,0.0000,0.0000,,2.6981,35.9439,36.0450,,-0.4370,43.5663,43.5685
14:09:22,54.4292,0.0459,-1.9207,653.5436,44.9532,-0.2181,False,,0.0000,0.0000,0.0000,,2.7000,34.7777,34.8823,,-0.4351,43.2909,43.2931
14:09:23,54.4754,0.0461,-1.9226,654.0426,44.8975,-0.2171,False,,0.0000,0.0006,0.0000,,2.7018,33.6121,33.7205,,-0.4333,43.0147,43.0169
14:09:23,54.5210,0.0456,-1.9253,654.7900,44.8141,-0.2136,False,,0.0000,0.0006,0.0000,,2.7044,31.8648,31.9793,,-0.4307,42.6009,42.6031
14:09:23,54.5658,0.0447,-1.9271,655.2875,44.7586,-0.2102,False,,0.0000,0.0006,0.0000,,2.7061,30.7006,30.8197,,-0.4290,42.3271,42.3293
14:09:23,54.6074,0.0417,-1.9289,655.7843,44.7031,-0.2063,False,,0.0000,0.0006,0.0000,,2.7077,29.5372,29.6611,,-0.4274,42.0526,42.0548
14:09:23,54.6489,0.0414,-1.9307,656.2805,44.6477,-0.2018,False,,0.0000,0.0006,0.0000,,2.7093,28.3744,28.5034,,-0.4258,41.7805,41.7826
14:09:23,54.6919,0.0430,-1.9324,656.7761,44.5923,-0.1969,False,,0.0000,0.0006,0.0000,,2.7108,27.2122,27.3469,,-0.4243,41.5082,41.5104
14:09:23,54.7356,0.0437,-1.9341,657.2711,44.5371,-0.1917,False,,0.0000,0.0006,0.0000,,2.7123,26.0506,26.1914,,-0.4228,41.2358,41.2380
14:09:23,54.7808,0.0453,-1.9366,658.0125,44.4543,-0.1835,False,,0.0000,0.0006,0.0000,,2.7144,24.3094,24.4605,,-0.4207,40.8303,40.8325
14:09:23,54.8227,0.0419,-1.9382,658.5059,44.3992,-0.1778,False,,0.0000,0.0006,0.0000,,2.7158,23.1494,23.3081,,-0.4194,40.5596,40.5617
14:09:23,54.8648,0.0421,-1.9397,658.9988,44.3442,-0.1720,False,,0.0000,0.0006,0.0000,,2.7171,21.9899,22.1572,,-0.4181,40.2905,40.2927
14:09:23,54.9100,0.0452,-1.9412,659.4910,44.2892,-0.1660,False,,0.0000,0.0006,0.0000,,2.7184,20.8311,21.0077,,-0.4168,40.0219,40.0240
14:09:23,54.9561,0.0461,-1.9427,659.9828,44.2653,-0.1599,False,,0.1247,0.0006,0.0000,,2.7196,19.6727,19.8598,,-0.4156,39.7527,39.7549
14:09:23,55.0025,0.0464,-1.9448,660.7214,44.3516,-0.1507,False,,0.3502,0.0006,0.0000,,2.7213,17.9343,18.1396,,-0.4139,39.3500,39.3522
14:09:23,55.0488,0.0462,-1.9462,661.2151,44.4737,-0.1444,False,,0.5000,0.0006,0.0000,,2.7224,16.7740,16.9935,,-0.4128,39.0794,39.0815
14:09:23,55.0951,0.0463,-1.9475,661.7105,44.6328,-0.1380,False,,0.5812,0.0006,0.0000,,2.7234,15.6120,15.8478,,-0.4117,38.8060,38.8082
14:09:23,55.1381,0.0430,-1.9488,662.2079,44.8205,-0.1316,False,,0.6498,0.0006,0.0000,,2.7244,14.4479,14.7026,,-0.4107,38.5332,38.5354
14:09:23,55.1831,0.0450,-1.9506,662.9584,45.1307,-0.1217,False,,0.6841,0.0006,0.0000,,2.7258,12.6977,12.9870,,-0.4093,38.1173,38.1195
14:09:23,55.2278,0.0446,-1.9517,663.4617,45.3602,-0.1150,False,,0.7577,0.0006,0.0000,,2.7267,11.5277,11.8458,,-0.4085,37.8370,37.8392
14:09:23,55.2738,0.0460,-1.9528,663.9679,45.6261,-0.1083,False,,0.8704,0.0006,0.0000,,2.7275,10.3550,10.7082,,-0.4076,37.5551,37.5573
14:09:23,55.3184,0.0446,-1.9539,664.4773,45.9251,-0.1014,False,,0.9439,0.0006,0.0000,,2.7283,9.1790,9.5759,,-0.4069,37.2686,37.2708
14:09:23,55.3623,0.0439,-1.9554,665.2479,46.3988,-0.0910,False,,0.9635,0.0006,0.0000,,2.7293,7.4085,7.8953,,-0.4058,36.8330,36.8352
14:09:23,55.4050,0.0427,-1.9563,665.7661,46.7167,-0.0840,False,,0.9635,0.0006,0.0000,,2.7300,6.2238,6.7962,,-0.4052,36.5385,36.5408
14:09:24,55.4498,0.0447,-1.9572,666.2878,47.0376,-0.0769,False,,0.9782,0.0006,0.0000,,2.6256,5.0826,5.7208,,-0.4047,36.2392,36.2415
14:09:24,55.4961,0.0463,-1.9580,666.8132,47.3651,-0.0698,False,,1.0000,0.0006,0.0000,,2.3859,4.0067,4.6633,,-0.4041,35.9379,35.9402
14:09:24,55.5403,0.0442,-1.9591,667.6080,47.8610,-0.0584,False,,1.0000,0.0008,0.0000,,1.9426,2.5190,3.1811,,-0.4035,35.4784,35.4807
14:09:24,55.5856,0.0453,-1.9597,668.1425,48.1911,-0.0499,False,,1.0000,0.0011,0.0000,,1.9429,1.3181,2.3478,,-0.4032,35.1675,35.1698
14:09:24,55.6343,0.0487,-1.9603,668.6807,48.5208,-0.0388,False,,1.0000,0.0020,0.0000,,1.8057,0.3675,1.8427,,-0.4032,34.8514,34.8538
14:09:24,55.6795,0.0452,-1.9606,669.2225,48.8500,-0.0226,False,,1.0000,0.0035,0.0000,,1.6048,0.1552,1.6123,,-0.4035,34.5335,34.5358
14:09:24,55.7259,0.0464,-1.9607,670.0421,49.3429,0.0174,False,,1.0000,0.0052,0.0000,,1.4106,-0.0076,1.4106,,-0.4052,34.0500,34.0524
14:09:24,55.7723,0.0464,-1.9603,670.5930,49.6710,0.0560,False,,1.0000,0.0068,0.0000,,1.3930,-0.0427,1.3937,,-0.4072,33.7212,33.7237
14:09:24,55.8183,0.0460,-1.9595,671.1476,49.9985,0.1064,False,,1.0000,0.0083,0.0000,,3.4549,194.1054,194.1362,,-0.4102,33.3893,33.3918
14:09:24,55.8636,0.0453,-1.9573,671.9865,50.4888,0.2059,False,,1.0000,0.0097,0.0000,,3.4485,192.2667,192.2976,,-0.4166,32.8832,32.8858
14:09:24,55.9101,0.0466,-1.9550,672.5501,50.8151,0.2886,False,,1.0000,0.0112,0.0000,,3.4428,191.0364,191.0675,,-0.4223,32.5414,32.5442
14:09:24,55.9539,0.0437,-1.9520,673.1174,51.1407,0.3870,False,,1.0000,0.0132,0.0000,,3.4356,189.8025,189.8336,,-0.4295,32.1977,32.2006
14:09:24,55.9990,0.0452,-1.9481,673.6884,51.4657,0.5034,False,,1.0000,0.0153,0.0000,,3.4267,188.5650,188.5961,,-0.4384,31.8511,31.8541
14:09:24,56.0430,0.0439,-1.9402,674.5515,51.9519,0.7143,False,,1.0000,0.0172,0.0000,,3.4098,186.7020,186.7331,,-0.4553,31.3232,31.3265
14:09:24,56.0872,0.0442,-1.9334,675.1314,52.2753,0.8770,False,,1.0000,0.0182,0.0000,,3.3961,185.4556,185.4867,,-0.4690,30.9659,30.9695
14:09:24,56.1308,0.0436,-1.9253,675.7148,52.5981,1.0548,False,,1.0000,0.0182,0.0000,,3.3804,184.2056,184.2366,,-0.4847,30.6062,30.6100
14:09:24,56.1769,0.0461,-1.9157,676.3019,52.9204,1.2449,False,,1.0000,0.0182,0.0000,,3.3627,182.9521,182.9830,,-0.5024,30.2426,30.2467
14:09:24,56.2223,0.0453,-1.8983,677.1891,53.4000,1.5479,False,,0.9930,0.0180,0.0000,,3.3325,181.0653,181.0960,,-0.5326,29.6891,29.6939
14:09:24,56.2678,0.0456,-1.8847,677.7849,53.7173,1.7570,False,,0.9881,0.0168,0.0000,,3.3100,179.8031,179.8336,,-0.5551,29.3181,29.3234
14:09:24,56.3138,0.0460,-1.8694,678.3842,54.0333,1.9656,False,,0.9881,0.0148,0.0000,,3.2859,178.5375,178.5677,,-0.5792,28.9418,28.9476
14:09:24,56.3570,0.0432,-1.8525,678.9870,54.3492,2.1662,False,,0.9881,0.0115,0.0000,,3.2604,177.2684,177.2984,,-0.6047,28.5611,28.5675
14:09:24,56.4008,0.0438,-1.8242,679.8976,54.8224,2.4378,False,,0.9881,0.0078,0.0000,,3.2206,175.3583,175.3879,,-0.6445,27.9874,27.9949
14:09:25,56.4472,0.0464,-1.8035,680.5090,55.1376,2.5935,False,,0.9881,0.0037,0.0000,,3.1933,174.0806,174.1098,,-0.2655,27.6055,27.6068
14:09:25,56.4925,0.0454,-1.7815,681.1239,55.4516,2.7226,False,,0.9831,0.0000,0.0000,,3.1657,172.7993,172.8283,,-0.2930,27.2128,27.2144
14:09:25,56.5382,0.0457,-1.7582,681.7422,55.7625,2.8231,False,,0.9733,-0.0025,0.0000,,3.1382,171.5146,171.5433,,-0.3205,26.8179,26.8198
14:09:25,56.5847,0.0464,-1.7213,682.6759,56.2158,2.9236,False,,0.9488,-0.0040,0.0000,,3.0970,169.5812,169.6095,,-0.3617,26.2169,26.2194
14:09:25,56.6298,0.0451,-1.6953,683.3024,56.5048,2.9614,False,,0.8998,-0.0050,0.0000,,3.0695,168.2881,168.3161,,-0.3893,25.8140,25.8169
14:09:25,56.6761,0.0462,-1.6685,683.9319,56.7736,2.9786,False,,0.8459,-0.0058,0.0000,,3.0419,166.9920,167.0197,,-0.4168,25.4078,25.4113
14:09:25,56.7211,0.0451,-1.6271,684.8813,57.1321,2.9671,False,,0.7724,-0.0074,0.0000,,3.0009,165.0426,165.0699,,-0.4578,24.7939,24.7981
14:09:25,56.7672,0.0461,-1.5988,685.5174,57.3537,2.9364,False,,0.7331,-0.0088,0.0000,,2.9740,163.7399,163.7669,,-0.4847,24.3812,24.3860
14:09:25,56.8129,0.0457,-1.5702,686.1558,57.5659,2.8882,False,,0.7233,-0.0097,0.0000,,2.9475,162.4348,162.4615,,-0.5113,23.9658,23.9713
14:09:25,56.8563,0.0434,-1.5415,686.7966,57.7760,2.8241,False,,0.7233,-0.0102,0.0000,,2.9215,161.1272,161.1537,,-0.5373,23.5500,23.5561
14:09:25,56.9016,0.0453,-1.4984,687.7620,58.0828,2.7032,False,,0.7037,-0.0102,0.0000,,2.8835,159.1616,159.1877,,-0.5753,22.9196,22.9268
14:09:25,56.9478,0.0462,-1.4698,688.4084,58.2817,2.6090,False,,0.6890,-0.0102,0.0000,,2.8589,157.8484,157.8743,,-0.5998,22.4975,22.5055
14:09:25,56.9924,0.0446,-1.4415,689.0570,58.4755,2.5061,False,,0.6792,-0.0102,0.0000,,2.8350,156.5330,156.5586,,-0.6238,22.0735,22.0823
14:09:25,57.0351,0.0427,-1.4137,689.7077,58.6662,2.3957,False,,0.6743,-0.0102,0.0000,,2.8118,155.2155,155.2409,,-0.6470,21.6458,21.6554
14:09:25,57.0785,0.0434,-1.3863,690.3606,58.8556,2.2790,False,,0.6743,-0.0102,0.0000,,2.7894,153.8958,153.9210,,-0.6694,21.2168,21.2274
14:09:25,57.1217,0.0432,-1.3465,691.3439,59.1391,2.0943,False,,0.6743,-0.0102,0.0000,,2.7574,151.9122,151.9373,,-0.7014,20.5706,20.5825
14:09:25,57.1669,0.0452,-1.3209,692.0020,59.3296,1.9658,False,,0.6841,-0.0102,0.0000,,2.7373,150.5872,150.6121,,-0.7215,20.1351,20.1481
14:09:25,57.2125,0.0456,-1.2962,692.6624,59.5235,1.8338,False,,0.6939,-0.0102,0.0000,,2.7182,149.2601,149.2848,,-0.7406,19.6984,19.7123
14:09:25,57.2576,0.0451,-1.2725,693.3249,59.7199,1.6989,False,,0.6988,-0.0102,0.0000,,2.7003,147.9308,147.9554,,-0.7586,19.2606,19.2755
14:09:25,57.3021,0.0445,-1.2390,694.3230,60.0172,1.4942,False,,0.7037,-0.0096,0.0000,,2.6754,145.9325,145.9570,,-0.7836,18.5963,18.6128
14:09:25,57.3492,0.0471,-1.2179,694.9911,60.2158,1.3600,False,,0.7037,-0.0079,0.0000,,2.6601,144.5975,144.6220,,-0.7989,18.1528,18.1703
14:09:25,57.3932,0.0441,-1.1979,695.6616,60.4141,1.2330,False,,0.7037,-0.0058,0.0000,,2.6455,143.2604,143.2848,,-0.8136,17.7069,17.7255
14:09:26,57.4387,0.0455,-1.1789,696.3342,60.6123,1.1171,False,,0.7037,-0.0037,0.0000,,2.6314,141.9210,141.9454,,-0.8277,17.2579,17.2777
14:09:26,57.4834,0.0447,-1.1522,697.3474,60.9091,0.9659,False,,0.7037,-0.0027,0.0000,,2.6111,139.9078,139.9322,,-0.8480,16.5809,16.6026
14:09:26,57.5286,0.0453,-1.1357,698.0255,61.1067,0.8789,False,,0.7037,-0.0022,0.0000,,2.5983,138.5630,138.5873,,-0.8609,16.1263,16.1493
14:09:26,57.5732,0.0445,-1.1201,698.7060,61.3088,0.8021,False,,0.7282,-0.0016,0.0000,,2.5860,137.2158,137.2402,,-0.8732,15.6702,15.6945
14:09:26,57.6193,0.0461,-1.1054,699.3888,61.5183,0.7349,False,,0.7430,-0.0012,0.0000,,2.5741,135.8663,135.8907,,-0.8851,15.2111,15.2368
14:09:26,57.6636,0.0444,-1.0850,700.4175,61.8383,0.6502,False,,0.7479,-0.0009,0.0000,,2.5574,133.8377,133.8621,,-0.9019,14.5183,14.5462
14:09:26,57.7090,0.0454,-1.0725,701.1062,62.0520,0.6025,False,,0.7479,-0.0009,0.0000,,2.5468,132.4823,132.5068,,-0.9124,14.0533,14.0829
14:09:26,57.7525,0.0435,-1.0607,701.7974,62.2655,0.5605,False,,0.7479,-0.0009,0.0000,,2.5368,131.1245,131.1490,,-0.9224,13.5851,13.6164
14:09:26,57.7989,0.0464,-1.0497,702.4909,62.4779,0.5232,False,,0.7430,-0.0009,0.0000,,2.5274,129.7643,129.7890,,-0.9319,13.1155,13.1486
14:09:26,57.8498,0.0509,-1.0344,703.5356,62.7927,0.4760,False,,0.7381,-0.0004,0.0000,,2.5141,127.7197,127.7444,,-0.9452,12.4064,12.4423
14:09:26,57.8978,0.0479,-1.0248,704.2350,63.0017,0.4523,False,,0.7381,0.0011,0.0000,,2.5056,126.3536,126.3785,,-0.9537,11.9293,11.9673
14:09:26,57.9432,0.0455,-1.0114,705.2884,63.3130,0.4345,False,,0.7331,0.0027,0.0000,,2.4929,124.3003,124.3253,,-0.9664,11.2128,11.2544
14:09:26,57.9911,0.0478,-1.0028,705.9935,63.5187,0.4345,False,,0.7282,0.0035,0.0000,,2.4843,122.9285,122.9536,,-0.9750,10.7301,10.7743
14:09:26,58.0346,0.0436,-0.9944,706.7010,63.7232,0.4430,False,,0.7282,0.0035,0.0000,,2.4756,121.5544,121.5797,,-0.9837,10.2457,10.2928
14:09:26,58.0813,0.0467,-0.9823,707.7663,64.0238,0.4668,False,,0.7135,0.0029,0.0000,,2.4625,119.4892,119.5146,,-0.9968,9.5163,9.5684
14:09:26,58.1289,0.0476,-0.9745,708.4792,64.2101,0.4866,False,,0.6498,0.0019,0.0000,,2.4538,118.1097,118.1352,,-1.0055,9.0251,9.0810
14:09:26,58.1757,0.0468,-0.9668,709.1940,64.3686,0.5060,False,,0.5714,0.0009,0.0000,,2.4453,116.7283,116.7539,,-1.0140,8.5328,8.5928
14:09:26,58.2226,0.0469,-0.9556,710.2690,64.5769,0.5303,False,,0.5567,0.0000,0.0000,,2.4331,114.6533,114.6791,,-1.0262,7.7930,7.8603
14:09:26,58.2689,0.0462,-0.9483,710.9876,64.7053,0.5424,False,,0.5126,-0.0006,0.0000,,2.4252,113.2681,113.2941,,-1.0341,7.2973,7.3702
14:09:26,58.3154,0.0465,-0.9411,711.7075,64.8144,0.5506,False,,0.4580,-0.0009,0.0000,,2.4176,111.8817,111.9078,,-1.0416,6.8011,6.8804
14:09:26,58.3621,0.0467,-0.9304,712.7886,64.8798,0.5549,False,,0.2423,-0.0015,0.0000,,2.4068,109.8005,109.8269,,-1.0525,6.0546,6.1454
14:09:26,58.4078,0.0457,-0.9234,713.5095,64.8653,0.5510,False,,0.0806,-0.0026,0.0000,,2.4000,108.4131,108.4397,,-1.0593,5.5578,5.6578
14:09:27,58.4561,0.0484,-0.9167,714.2297,64.8065,0.5400,False,,0.0218,-0.0035,0.0000,,2.3937,107.0262,107.0529,,-1.0656,5.0608,5.1718
14:09:27,58.5019,0.0458,-0.9069,715.3085,64.6909,0.5095,False,,0.0000,-0.0042,0.0000,,2.3852,104.9474,104.9745,,-1.0741,4.3176,4.4492
14:09:27,58.5480,0.0461,-0.9006,716.0266,64.6111,0.4807,False,,0.0000,-0.0045,0.0000,,2.3802,103.5627,103.5900,,-1.0791,3.8233,3.9727
14:09:27,58.5953,0.0473,-0.8946,716.7438,64.5313,0.4455,False,,0.0000,-0.0048,0.0000,,2.3757,102.1788,102.2064,,-1.0269,3.3488,3.5027
14:09:27,58.6393,0.0439,-0.8889,717.4601,64.4516,0.4033,False,,0.0000,-0.0056,0.0000,,2.3718,100.7959,100.8238,,-1.0207,2.8612,3.0378
14:09:27,58.6851,0.0458,-0.8812,718.5330,64.3321,0.3268,False,,0.0000,-0.0061,0.0000,,2.3673,98.7231,98.7515,,-1.0253,2.1204,2.3553
14:09:27,58.7286,0.0435,-0.8765,719.2471,64.2526,0.2682,False,,0.0000,-0.0061,0.0000,,2.3651,97.3423,97.3710,,-0.9977,1.6464,1.9251
14:09:27,58.7732,0.0446,-0.8723,719.9604,64.1731,0.2047,False,,0.0000,-0.0061,0.0000,,2.3636,95.9624,95.9915,,-0.8844,1.2251,1.5109
14:09:27,58.8161,0.0430,-0.8687,720.6727,64.0937,0.1369,False,,0.0000,-0.0061,0.0000,,2.3628,94.5834,94.6130,,-0.6573,0.9077,1.1207
14:09:27,58.8616,0.0455,-0.8643,721.7396,63.9747,0.0289,False,,0.0000,-0.0061,0.0000,,2.3630,92.5166,92.5468,,-0.6419,0.1885,0.6690
14:09:27,58.9072,0.0456,-0.8621,722.4498,63.8954,-0.0471,False,,0.0000,-0.0063,0.0000,,2.3641,91.1398,91.1705,,-0.5752,0.0547,0.5778
14:09:27,58.9527,0.0455,-0.8607,723.1591,63.8161,-0.1268,False,,0.0000,-0.0069,0.0000,,2.3660,89.7639,89.7951,,-0.5294,0.0496,0.5318
14:09:27,58.9993,0.0466,-0.8600,723.8674,63.7369,-0.2104,False,,0.0000,-0.0070,0.0000,,2.3689,88.3889,88.4207,,-0.5053,0.0007,0.5053
14:09:27,59.0432,0.0439,-0.8604,724.9284,63.6181,-0.3417,False,,0.0000,-0.0070,0.0000,,2.3750,86.3281,86.3607,,-0.5056,-0.0056,0.5056
14:09:27,59.0887,0.0455,-0.8618,725.6346,63.5390,-0.4324,False,,0.0000,-0.0070,0.0000,,2.3802,84.9553,84.9886,,-0.5055,-0.0063,0.5056
14:09:27,59.1327,0.0440,-0.8641,726.3399,63.4600,-0.5253,False,,0.0000,-0.0070,0.0000,,2.3864,83.5834,83.6174,,-0.5033,-0.0071,0.5033
14:09:27,59.1759,0.0431,-0.8673,727.0444,63.3809,-0.6198,False,,0.0000,-0.0070,0.0000,,2.3937,82.2123,82.2471,,-1.4714,96.2106,96.2218
14:09:27,59.2228,0.0470,-0.8739,728.0994,63.2624,-0.7656,False,,0.0000,-0.0074,0.0000,,2.4065,80.1575,80.1936,,-1.4586,95.4908,95.5019
14:09:27,59.2689,0.0460,-0.8797,728.8016,63.1834,-0.8663,False,,0.0000,-0.0081,0.0000,,2.4165,78.7886,78.8257,,-1.4486,95.0121,95.0231
14:09:27,59.3120,0.0431,-0.8865,729.5030,63.1044,-0.9710,False,,0.0000,-0.0086,0.0000,,2.4278,77.4207,77.4588,,-1.4373,94.5349,94.5458
14:09:27,59.3563,0.0443,-0.8944,730.2034,63.0255,-1.0792,False,,0.0000,-0.0086,0.0000,,2.4403,76.0537,76.0929,,-1.4248,94.0576,94.0683
14:09:27,59.4010,0.0447,-0.9086,731.2524,62.9071,-1.2466,False,,0.0000,-0.0086,0.0000,,2.4616,74.0049,74.0458,,-1.4035,93.3445,93.3550
14:09:28,59.4471,0.0461,-0.9194,731.9507,62.8283,-1.3607,False,,0.0000,-0.0084,0.0000,,2.4773,72.6401,72.6824,,-1.3878,92.8699,92.8803
14:09:28,59.4962,0.0491,-0.9315,732.6480,62.7496,-1.4751,False,,0.0000,-0.0078,0.0000,,2.4942,71.2763,71.3199,,-1.3709,92.3953,92.4055
14:09:28,59.5429,0.0467,-0.9518,733.6923,62.6318,-1.6419,False,,0.0000,-0.0066,0.0000,,2.5216,69.2322,69.2781,,-1.3435,91.6861,91.6959
14:09:28,59.5891,0.0462,-0.9668,734.3874,62.5535,-1.7475,False,,0.0000,-0.0054,0.0000,,2.1308,67.8847,67.9181,,-1.3240,91.2142,91.2238
14:09:28,59.6352,0.0460,-0.9828,735.0816,62.4753,-1.8468,False,,0.0000,-0.0045,0.0000,,2.1511,66.5233,66.5581,,-1.3037,90.7422,90.7516
14:09:28,59.6798,0.0447,-0.9999,735.7749,62.3973,-1.9384,False,,0.0000,-0.0035,0.0000,,2.1721,65.1628,65.1990,,-1.2827,90.2730,90.2821
14:09:28,59.7248,0.0450,-1.0275,736.8132,62.2806,-2.0604,False,,0.0000,-0.0027,0.0000,,2.2048,63.1240,63.1625,,-1.2499,89.5691,89.5778
14:09:28,59.7705,0.0457,-1.0472,737.5043,62.2029,-2.1313,False,,0.0000,-0.0018,0.0000,,2.2275,61.7658,61.8060,,-1.2273,89.1011,89.1096
14:09:28,59.8163,0.0459,-1.0677,738.1945,62.1255,-2.1936,False,,0.0000,-0.0012,0.0000,,2.2506,60.4087,60.4506,,-1.2042,88.6345,88.6427
14:09:28,59.8635,0.0472,-1.1000,739.2281,62.0096,-2.2715,False,,0.0000,-0.0006,0.0000,,2.2863,58.3747,58.4195,,-1.1685,87.9345,87.9422
14:09:28,59.9108,0.0473,-1.1226,739.9161,61.9325,-2.3146,False,,0.0000,-0.0006,0.0000,,2.3107,57.0198,57.0666,,-1.1441,87.4705,87.4779
14:09:28,59.9573,0.0464,-1.1459,740.6032,61.8556,-2.3510,False,,0.0000,0.0000,0.0000,,2.3355,55.6659,55.7149,,-1.1192,87.0064,87.0136
14:09:28,60.0047,0.0475,-1.1820,741.6322,61.7406,-2.3916,False,,0.0000,0.0009,0.0000,,2.3734,53.6367,53.6892,,-1.0814,86.3115,86.3183
14:09:28,60.0525,0.0478,-1.2067,742.3171,61.6642,-2.4074,False,,0.0000,0.0027,0.0000,,2.0433,52.3015,52.3414,,-1.0560,85.8501,85.8566
14:09:28,60.1002,0.0477,-1.2444,743.3430,61.5498,-2.4084,False,,0.0000,0.0048,0.0000,,2.0810,50.2757,50.3188,,-1.0183,85.1591,85.1652
14:09:28,60.1485,0.0483,-1.2698,744.0258,61.4737,-2.3929,False,,0.0000,0.0063,0.0000,,2.1058,48.9264,48.9717,,-0.9935,84.7003,84.7061
14:09:28,60.1955,0.0470,-1.2953,744.7077,61.3978,-2.3639,False,,0.0000,0.0073,0.0000,,2.1300,47.5779,47.6256,,-0.9693,84.2412,84.2467
14:09:28,60.2406,0.0451,-1.3334,745.7290,61.2840,-2.2980,False,,0.0000,0.0076,0.0000,,2.1654,45.5571,45.6085,,-0.9339,83.5552,83.5605
14:09:28,60.2860,0.0454,-1.3587,746.4088,61.2082,-2.2414,False,,0.0000,0.0078,0.0000,,2.1883,44.2109,44.2651,,-0.9111,83.0986,83.1036
14:09:28,60.3318,0.0458,-1.3838,747.0878,61.1326,-2.1762,False,,0.0000,0.0078,0.0000,,2.2106,42.8657,42.9226,,-0.8888,82.6419,82.6467
14:09:28,60.3787,0.0469,-1.4086,747.7660,61.0570,-2.1038,False,,0.0000,0.0078,0.0000,,2.2323,41.5213,41.5813,,-0.8671,82.1880,82.1926
14:09:28,60.4221,0.0435,-1.4450,748.7817,60.9437,-1.9841,False,,0.0000,0.0078,0.0000,,2.2637,39.5064,39.5712,,-0.8357,81.5068,81.5111
14:09:29,60.4660,0.0438,-1.4687,749.4578,60.8683,-1.8983,False,,0.0000,0.0078,0.0000,,2.2837,38.1641,38.2324,,-0.8157,81.0539,81.0580
14:09:29,60.5100,0.0440,-1.4918,750.1331,60.7928,-1.8086,False,,0.0000,0.0078,0.0000,,2.3030,36.8227,36.8946,,-0.7964,80.6024,80.6064
14:09:29,60.5568,0.0468,-1.5142,750.8076,60.7174,-1.7159,False,,0.0000,0.0076,0.0000,,2.3216,35.4821,35.5580,,-0.7779,80.1506,80.1544
14:09:29,60.6033,0.0465,-1.5466,751.8177,60.6044,-1.5728,False,,0.0000,0.0076,0.0000,,2.3478,33.4728,33.5551,,-0.7516,79.4755,79.4790
14:09:29,60.6501,0.0469,-1.5671,752.4902,60.5291,-1.4767,False,,0.0000,0.0067,0.0000,,2.3644,32.1344,32.2213,,-0.7351,79.0263,79.0297
14:09:29,60.6972,0.0471,-1.5870,753.1618,60.4540,-1.3851,False,,0.0000,0.0044,0.0000,,2.3804,30.7967,30.8886,,-0.7192,78.5769,78.5802
14:09:29,60.7442,0.0469,-1.6156,754.1677,60.3416,-1.2679,False,,0.0000,0.0012,0.0000,,2.4040,28.7916,28.8918,,-0.6956,77.9070,77.9101
14:09:29,60.7920,0.0478,-1.6339,754.8373,60.2669,-1.2080,False,,0.0000,-0.0019,0.0000,,2.4198,27.4557,27.5621,,-0.6798,77.4601,77.4631
14:09:29,60.8377,0.0457,-1.6517,755.5061,60.1923,-1.1642,False,,0.0000,-0.0029,0.0000,,2.4358,26.1205,26.2339,,-0.6638,77.0145,77.0174
14:09:29,60.8826,0.0449,-1.6776,756.5078,60.0805,-1.1238,False,,0.0000,-0.0029,0.0000,,2.4599,24.1193,24.2444,,-0.6397,76.3483,76.3509
14:09:29,60.9291,0.0465,-1.6942,757.1745,60.0061,-1.1104,False,,0.0000,-0.0028,0.0000,,2.3191,22.8064,22.9240,,-0.6236,75.9038,75.9064
14:09:29,60.9765,0.0474,-1.7104,757.8405,59.9318,-1.1049,False,,0.0000,-0.0024,0.0000,,2.3350,21.4739,21.6005,,-0.6077,75.4621,75.4646
14:09:29,61.0216,0.0451,-1.7339,758.8378,59.8206,-1.1049,False,,0.0000,-0.0014,0.0000,,2.3586,19.4766,19.6189,,-0.5842,74.7993,74.8016
14:09:29,61.0684,0.0469,-1.7491,759.5017,59.7466,-1.1063,False,,0.0000,0.0000,0.0000,,2.3738,18.1460,18.3006,,-0.5689,74.3588,74.3610
14:09:29,61.1151,0.0467,-1.7639,760.1648,59.6727,-1.1046,False,,0.0000,0.0016,0.0000,,2.3885,16.8164,16.9851,,-0.5542,73.9196,73.9216
14:09:29,61.1608,0.0457,-1.7852,761.1579,59.5620,-1.0922,False,,0.0000,0.0026,0.0000,,2.4093,14.8234,15.0179,,-0.5334,73.2601,73.2621
14:09:29,61.2080,0.0472,-1.7990,761.8190,59.4883,-1.0778,False,,0.0000,0.0029,0.0000,,2.4225,13.4957,13.7114,,-0.5202,72.8235,72.8254
14:09:29,61.2532,0.0453,-1.8124,762.4792,59.4148,-1.0591,False,,0.0000,0.0029,0.0000,,2.4351,12.1690,12.4103,,-0.5076,72.3866,72.3884
14:09:29,61.2987,0.0455,-1.8255,763.1386,59.3413,-1.0368,False,,0.0000,0.0029,0.0000,,2.4473,10.8431,11.1159,,-0.4955,71.9494,71.9511
14:09:29,61.3443,0.0456,-1.8446,764.1262,59.2313,-0.9981,False,,0.0000,0.0029,0.0000,,2.4647,8.8558,9.1924,,-0.4781,71.2980,71.2996
14:09:29,61.3931,0.0488,-1.8569,764.7836,59.1580,-0.9693,False,,0.0000,0.0030,0.0000,,2.4758,7.5320,7.9284,,-0.4670,70.8634,70.8649
14:09:30,61.4384,0.0453,-1.8688,765.4402,59.0848,-0.9368,False,,0.0000,0.0040,0.0000,,2.4864,6.2090,6.6883,,-0.4564,70.4299,70.4314
14:09:30,61.4843,0.0459,-1.8859,766.4236,58.9751,-0.8770,False,,0.0000,0.0053,0.0000,,2.3786,4.2808,4.8972,,-0.4419,69.7821,69.7835
14:09:30,61.5313,0.0469,-1.8967,767.0782,58.9020,-0.8284,False,,0.0000,0.0065,0.0000,,2.2195,3.0685,3.7871,,-0.4331,69.3497,69.3511
14:09:30,61.5769,0.0456,-1.9070,767.7319,58.8290,-0.7721,False,,0.0000,0.0070,0.0000,,1.8886,1.9720,2.7305,,-0.4252,68.9187,68.9200
14:09:30,61.6247,0.0479,-1.9213,768.7111,58.7196,-0.6756,False,,0.0000,0.0070,0.0000,,1.7516,0.3528,1.7868,,-0.4150,68.2744,68.2757
14:09:30,61.6709,0.0462,-1.9302,769.3629,58.6467,-0.6046,False,,0.0000,0.0070,0.0000,,1.5404,0.1006,1.5437,,-0.4092,67.8458,67.8471
14:09:30,61.7176,0.0467,-1.9384,770.0139,58.5739,-0.5295,False,,0.0000,0.0070,0.0000,,1.4706,-0.0248,1.4708,,-0.4042,67.4187,67.4199
14:09:30,61.7643,0.0467,-1.9494,770.9888,58.4649,-0.4117,False,,0.0000,0.0067,0.0000,,3.4669,194.7054,194.7363,,-0.3982,66.7778,66.7790
14:09:30,61.8132,0.0489,-1.9559,771.6378,58.3923,-0.3313,False,,0.0000,0.0062,0.0000,,3.4700,193.3898,193.4210,,-0.3951,66.3532,66.3544
14:09:30,61.8592,0.0460,-1.9618,772.2859,58.3198,-0.2520,False,,0.0000,0.0053,0.0000,,3.4725,192.0750,192.1064,,-0.3926,65.9282,65.9294
14:09:30,61.9068,0.0476,-1.9693,773.2567,58.2112,-0.1393,False,,0.0000,0.0042,0.0000,,3.4752,190.1043,190.1361,,-0.3899,65.2930,65.2941
14:09:30,61.9520,0.0453,-1.9734,773.9029,58.1390,-0.0689,False,,0.0000,0.0037,0.0000,,3.4764,188.7914,188.8234,,-0.3887,64.8698,64.8709
14:09:30,61.9985,0.0465,-1.9769,774.5483,58.0668,-0.0026,False,,0.0000,0.0035,0.0000,,3.4770,187.4794,187.5117,,-0.3880,64.4462,64.4474
14:09:30,62.0437,0.0452,-1.9809,775.5148,57.9587,0.0906,False,,0.0000,0.0035,0.0000,,3.4770,185.5129,185.5455,,-0.3880,63.8157,63.8169
14:09:30,62.0891,0.0454,-1.9827,776.1582,57.8867,0.1494,False,,0.0000,0.0035,0.0000,,3.4763,184.2029,184.2357,,-0.3888,63.3948,63.3960
14:09:30,62.1339,0.0448,-1.9838,776.8008,57.8148,0.2060,False,,0.0000,0.0034,0.0000,,3.4750,182.8937,182.9267,,-0.3901,62.9750,62.9763
14:09:30,62.1810,0.0471,-1.9842,777.7632,57.7072,0.2860,False,,0.0000,0.0030,0.0000,,3.4720,180.9315,180.9648,,-0.3931,62.3480,62.3492
14:09:30,62.2282,0.0472,-1.9837,778.4037,57.6356,0.3354,False,,0.0000,0.0024,0.0000,,3.4694,179.6243,179.6578,,-0.3957,61.9293,61.9305
14:09:30,62.2747,0.0465,-1.9826,779.0436,57.5641,0.3808,False,,0.0000,0.0019,0.0000,,3.4664,178.3178,178.3515,,-0.3987,61.5134,61.5147
14:09:30,62.3196,0.0449,-1.9810,779.6826,57.4928,0.4214,False,,0.0000,0.0012,0.0000,,3.4631,177.0122,177.0461,,-0.4020,61.0978,61.0991
14:09:30,62.3657,0.0461,-1.9777,780.6396,57.3860,0.4706,False,,0.0000,0.0000,0.0000,,3.4577,175.0552,175.0894,,-0.4074,60.4764,60.4778
14:09:30,62.4125,0.0468,-1.9750,781.2766,57.3150,0.4935,False,,0.0000,-0.0017,0.0000,,3.4540,173.7516,173.7860,,-0.4110,60.0629,60.0643
14:09:31,62.4602,0.0477,-1.9705,782.2307,57.2086,0.5078,False,,0.0000,-0.0035,0.0000,,3.4489,171.7977,171.8323,,-0.4162,59.4447,59.4462
14:09:31,62.5070,0.0468,-1.9672,782.8657,57.1379,0.5046,False,,0.0000,-0.0042,0.0000,,3.4458,170.4960,170.5308,,-0.4193,59.0327,59.0341
14:09:31,62.5509,0.0439,-1.9638,783.5000,57.0672,0.4926,False,,0.0000,-0.0042,0.0000,,3.4429,169.1951,169.2301,,-0.4222,58.6205,58.6221
14:09:31,62.5962,0.0453,-1.9603,784.1335,56.9967,0.4735,False,,0.0000,-0.0042,0.0000,,3.4402,167.8949,167.9301,,-0.4249,58.2092,58.2108
14:09:31,62.6452,0.0490,-1.9549,785.0822,56.8910,0.4343,False,,0.0000,-0.0041,0.0000,,3.4365,165.9462,165.9818,,-0.4286,57.5936,57.5952
14:09:31,62.6908,0.0457,-1.9514,785.7137,56.8207,0.4026,False,,0.0000,-0.0041,0.0000,,3.4342,164.6481,164.6839,,-0.4308,57.1856,57.1872
14:09:31,62.7379,0.0470,-1.9479,786.3445,56.7505,0.3673,False,,0.0000,-0.0041,0.0000,,3.4322,163.3507,163.3868,,-0.4328,56.7781,56.7798
14:09:31,62.7828,0.0449,-1.9428,787.2891,56.6453,0.3089,False,,0.0000,-0.0041,0.0000,,3.4297,161.4061,161.4426,,-0.4354,56.1702,56.1719
14:09:31,62.8269,0.0441,-1.9397,787.9180,56.5752,0.2670,False,,0.0000,-0.0041,0.0000,,3.4283,160.1106,160.1473,,-0.4368,55.7643,55.7661
14:09:31,62.8723,0.0454,-1.9367,788.5460,56.5053,0.2229,False,,0.0000,-0.0042,0.0000,,3.4273,158.8160,158.8530,,-0.4378,55.3588,55.3606
14:09:31,62.9174,0.0451,-1.9341,789.1732,56.4354,0.1766,False,,0.0000,-0.0044,0.0000,,3.4266,157.5221,157.5594,,-0.4385,54.9559,54.9577
14:09:31,62.9626,0.0452,-1.9308,790.1126,56.3306,0.1033,False,,0.0000,-0.0045,0.0000,,3.4264,155.5828,155.6205,,-0.4387,54.3508,54.3525
14:09:31,63.0076,0.0450,-1.9290,790.7379,56.2609,0.0524,False,,0.0000,-0.0045,0.0000,,3.4267,154.2908,154.3289,,-0.4384,53.9490,53.9508
14:09:31,63.0522,0.0447,-1.9276,791.3625,56.1912,0.0003,False,,0.0000,-0.0045,0.0000,,3.4276,152.9996,153.0380,,-0.4375,53.5482,53.5500
14:09:31,63.0974,0.0451,-1.9266,791.9862,56.1216,-0.0529,False,,0.0000,-0.0044,0.0000,,3.4288,151.7093,151.7480,,-0.4362,53.1470,53.1488
14:09:31,63.1447,0.0473,-1.9260,792.9204,56.0174,-0.1333,False,,0.0000,-0.0042,0.0000,,3.4316,149.7751,149.8145,,-0.4335,52.5483,52.5501
14:09:31,63.1905,0.0458,-1.9261,793.5423,55.9480,-0.1857,False,,0.0000,-0.0034,0.0000,,3.4340,148.4866,148.5263,,-0.4311,52.1498,52.1516
14:09:31,63.2362,0.0457,-1.9266,794.1633,55.8787,-0.2350,False,,0.0000,-0.0024,0.0000,,3.4366,147.1990,147.2391,,-0.4285,51.7377,51.7394
14:09:31,63.2844,0.0482,-1.9281,795.0935,55.7750,-0.2993,False,,0.0000,-0.0012,0.0000,,3.4408,145.2689,145.3097,,-0.4242,51.1282,51.1300
14:09:31,63.3317,0.0473,-1.9296,795.7126,55.7059,-0.3353,False,,0.0000,-0.0006,0.0000,,3.4438,143.9832,144.0243,,-0.4212,50.7376,50.7394
14:09:31,63.3774,0.0457,-1.9314,796.3310,55.6370,-0.3661,False,,0.0000,-0.0004,0.0000,,3.4469,142.6982,142.7398,,-0.4181,50.3571,50.3589
14:09:31,63.4230,0.0457,-1.9347,797.2571,55.5337,-0.4044,False,,0.0000,-0.0004,0.0000,,3.4519,140.7721,140.8144,,-0.4132,49.7723,49.7741
14:09:32,63.4678,0.0447,-1.9374,797.8736,55.4649,-0.4257,False,,0.0000,-0.0004,0.0000,,3.4555,139.4890,139.5318,,-0.4096,49.3782,49.3799
14:09:32,63.5130,0.0452,-1.9403,798.4893,55.3963,-0.4442,False,,0.0000,-0.0004,0.0000,,3.4592,138.2067,138.2500,,-0.4059,48.9859,48.9876
14:09:32,63.5595,0.0465,-1.9436,799.1042,55.3278,-0.4605,False,,0.0000,-0.0004,0.0000,,3.4632,136.9252,136.9690,,-0.4019,48.5930,48.5947
14:09:32,63.6068,0.0473,-1.9490,800.0252,55.2251,-0.4816,False,,0.0000,-0.0004,0.0000,,3.4694,135.0042,135.0488,,-0.3956,48.0036,48.0052
14:09:32,63.6550,0.0482,-1.9529,800.6382,55.1568,-0.4931,False,,0.0000,0.0000,0.0000,,3.4738,133.7246,133.7697,,-0.3913,47.6138,47.6154
14:09:32,63.7016,0.0466,-1.9590,801.5563,55.0545,-0.5013,False,,0.0000,0.0016,0.0000,,3.4803,131.8066,131.8525,,-0.3848,47.0330,47.0345
14:09:32,63.7490,0.0474,-1.9631,802.1675,54.9864,-0.4995,False,,0.0000,0.0027,0.0000,,3.4844,130.5288,130.5753,,-0.3807,46.6453,46.6469
14:09:32,63.7947,0.0458,-1.9673,802.7779,54.9184,-0.4916,False,,0.0000,0.0029,0.0000,,3.4882,129.2518,129.2988,,-0.3768,46.2571,46.2587
14:09:32,63.8394,0.0447,-1.9716,803.3875,54.8505,-0.4787,False,,0.0000,0.0029,0.0000,,3.4919,127.9755,128.0231,,-0.3732,45.8705,45.8721
14:09:32,63.8879,0.0485,-1.9779,804.3005,54.7488,-0.4540,False,,0.0000,0.0022,0.0000,,3.4972,126.0626,126.1111,,-0.3679,45.2930,45.2945
14:09:32,63.9365,0.0485,-1.9822,804.9082,54.6811,-0.4370,False,,0.0000,0.0011,0.0000,,3.5008,124.7882,124.8373,,-0.3643,44.9069,44.9084
14:09:32,63.9832,0.0468,-1.9887,805.8184,54.5798,-0.4160,False,,0.0000,0.0000,0.0000,,3.5063,122.8781,122.9281,,-0.3587,44.3328,44.3342
14:09:32,64.0304,0.0472,-1.9930,806.4243,54.5123,-0.4065,False,,0.0000,-0.0009,0.0000,,3.5103,121.6055,121.6562,,-0.3548,43.9494,43.9508
14:09:32,64.0765,0.0461,-1.9974,807.0295,54.4449,-0.4010,False,,0.0000,-0.0012,0.0000,,3.5145,120.3337,120.3850,,-0.3506,43.5668,43.5682
14:09:32,64.1195,0.0429,-2.0018,807.6338,54.3776,-0.3990,False,,0.0000,-0.0012,0.0000,,3.5188,119.0628,119.1148,,-0.3463,43.1860,43.1874
14:09:32,64.1635,0.0440,-2.0085,808.5389,54.2767,-0.4013,False,,0.0000,-0.0012,0.0000,,3.5255,117.1578,117.2108,,-0.3395,42.6160,42.6174
14:09:32,64.2067,0.0432,-2.0129,809.1414,54.2096,-0.4055,False,,0.0000,-0.0012,0.0000,,3.5302,115.8887,115.9424,,-0.3349,42.2371,42.2384
14:09:32,64.2519,0.0453,-2.0174,809.7431,54.1426,-0.4116,False,,0.0000,-0.0012,0.0000,,3.5349,114.6203,114.6748,,-0.3302,41.8582,41.8595
14:09:32,64.2956,0.0436,-2.0219,810.3441,54.0756,-0.4192,False,,0.0000,-0.0012,0.0000,,3.5397,113.3527,113.4079,,-0.3254,41.4810,41.4823
14:09:32,64.3414,0.0458,-2.0287,811.2443,53.9754,-0.4327,False,,0.0000,-0.0012,0.0000,,3.5471,111.4526,111.5090,,-0.3180,40.9158,40.9170
14:09:32,64.3869,0.0455,-2.0333,811.8434,53.9086,-0.4429,False,,0.0000,-0.0012,0.0000,,3.5521,110.1868,110.2440,,-0.3129,40.5388,40.5400
14:09:32,64.4311,0.0442,-2.0379,812.4419,53.8419,-0.4538,False,,0.0000,-0.0012,0.0000,,3.5572,108.9217,108.9798,,-0.3078,40.1652,40.1663
14:09:33,64.4772,0.0460,-2.0426,813.0396,53.7754,-0.4654,False,,0.0000,-0.0012,0.0000,,3.5624,107.6573,107.7163,,-0.3026,39.7903,39.7915
14:09:33,64.5246,0.0474,-2.0498,813.9348,53.6756,-0.4839,False,,0.0000,-0.0012,0.0000,,3.5704,105.7622,105.8225,,-0.2947,39.2293,39.2304
14:09:33,64.5696,0.0450,-2.0548,814.5306,53.6092,-0.4973,False,,0.0000,-0.0015,0.0000,,3.5759,104.4999,104.5610,,-0.2892,38.8578,38.8589
14:09:33,64.6165,0.0469,-2.0598,815.1256,53.5429,-0.5120,False,,0.0000,-0.0018,0.0000,,3.5816,103.2382,103.3003,,-0.2835,38.4851,38.4861
14:09:33,64.6623,0.0457,-2.0676,816.0168,53.4436,-0.5370,False,,0.0000,-0.0020,0.0000,,3.5904,101.3471,101.4107,,-0.2747,37.9288,37.9298
14:09:33,64.7068,0.0446,-2.0729,816.6100,53.3775,-0.5553,False,,0.0000,-0.0020,0.0000,,3.5965,100.0873,100.1519,,-0.2686,37.5592,37.5602
14:09:33,64.7504,0.0436,-2.0784,817.2025,53.3115,-0.5747,False,,0.0000,-0.0020,0.0000,,3.6028,98.8282,98.8938,,-0.2622,37.1885,37.1894
14:09:33,64.7943,0.0439,-2.0841,817.7942,53.2455,-0.5950,False,,0.0000,-0.0020,0.0000,,3.6094,97.5698,97.6366,,-0.2557,36.8206,36.8215
14:09:33,64.8388,0.0446,-2.0899,818.3852,53.1796,-0.6159,False,,0.0000,-0.0020,0.0000,,3.6161,96.3122,96.3801,,-0.2490,36.4531,36.4539
14:09:33,64.8838,0.0449,-2.0989,819.2703,53.0810,-0.6484,False,,0.0000,-0.0020,0.0000,,3.6265,94.4272,94.4968,,-0.2386,35.9034,35.9042
14:09:33,64.9300,0.0462,-2.1051,819.8595,53.0153,-0.6706,False,,0.0000,-0.0020,0.0000,,3.6337,93.1714,93.2422,,-0.2314,35.5374,35.5381
14:09:33,64.9749,0.0448,-2.1116,820.4479,52.9497,-0.6932,False,,0.0000,-0.0020,0.0000,,3.6410,91.9163,91.9884,,-0.2240,35.1719,35.1726
14:09:33,65.0216,0.0467,-2.1215,821.3292,52.8514,-0.7268,False,,0.0000,-0.0018,0.0000,,3.6525,90.0351,90.1092,,-0.2126,34.6267,34.6273
14:09:33,65.0677,0.0461,-2.1284,821.9158,52.7860,-0.7477,False,,0.0000,-0.0010,0.0000,,3.6602,88.7819,88.8573,,-0.2049,34.2626,34.2633
14:09:33,65.1130,0.0453,-2.1354,822.5017,52.7207,-0.7654,False,,0.0000,0.0000,0.0000,,3.6680,87.5294,87.6062,,-0.1971,33.9007,33.9013
14:09:33,65.1605,0.0475,-2.1460,823.3792,52.6229,-0.7811,False,,0.0000,0.0016,0.0000,,3.6792,85.6520,85.7310,,-0.1858,33.3584,33.3589
14:09:33,65.2076,0.0471,-2.1531,823.9634,52.5578,-0.7829,False,,0.0000,0.0029,0.0000,,3.6864,84.4012,84.4817,,-0.1787,32.9963,32.9968
14:09:33,65.2544,0.0468,-2.1602,824.5468,52.4928,-0.7768,False,,0.0000,0.0036,0.0000,,3.6932,83.1511,83.2331,,-0.1718,32.6376,32.6380
14:09:33,65.2999,0.0455,-2.1672,825.1295,52.4278,-0.7636,False,,0.0000,0.0039,0.0000,,3.6997,81.9018,81.9853,,-0.1654,32.2783,32.2787
14:09:33,65.3493,0.0494,-2.1776,826.0022,52.3305,-0.7318,False,,0.0000,0.0042,0.0000,,3.7087,80.0291,80.1150,,-0.1564,31.7395,31.7399
14:09:33,65.3964,0.0471,-2.1844,826.5831,52.2657,-0.7033,False,,0.0000,0.0047,0.0000,,3.7143,78.7816,78.8691,,-0.1508,31.3828,31.3832
14:09:34,65.4430,0.0466,-2.1941,827.4530,52.1687,-0.6485,False,,0.0000,0.0055,0.0000,,3.7217,76.9117,77.0017,,-0.1433,30.8464,30.8468
14:09:34,65.4892,0.0462,-2.2003,828.0317,52.0502,-0.6033,False,,0.0000,0.0067,0.0365,,3.7260,75.6663,75.7580,,-0.1391,30.4916,30.4920
14:09:34,65.5362,0.0469,-2.2061,828.6084,51.8246,-0.5503,False,,0.0000,0.0076,0.0855,,3.7295,74.4230,74.5164,,-0.1355,30.1386,30.1389
14:09:34,65.5819,0.0458,-2.2140,829.4664,51.2796,-0.4573,False,,0.0000,0.0081,0.1443,,3.7335,72.5651,72.6610,,-0.1316,29.6164,29.6167
14:09:34,65.6304,0.0485,-2.2187,830.0322,50.7775,-0.3879,False,,0.0000,0.0084,0.1982,,3.7352,71.3326,71.4304,,-0.1299,29.2741,29.2744
14:09:34,65.6760,0.0456,-2.2228,830.5917,50.2009,-0.3141,False,,0.0000,0.0084,0.2276,,3.7361,70.1065,70.2059,,-0.1290,28.9376,28.9379
14:09:34,65.7210,0.0450,-2.2278,831.4185,49.3018,-0.1974,False,,0.0000,0.0084,0.2325,,3.7362,68.2797,68.3819,,-0.1288,28.4475,28.4477
14:09:34,65.7674,0.0464,-2.2305,831.9611,48.6909,-0.1169,False,,0.0000,0.0082,0.2325,,3.7354,67.0704,67.1744,,-0.1296,28.1278,28.1281
14:09:34,65.8121,0.0447,-2.2325,832.4970,48.0817,-0.0361,False,,0.0000,0.0076,0.2325,,3.7340,65.8679,65.9736,,-0.1310,27.8143,27.8146
14:09:34,65.8585,0.0464,-2.2340,833.0263,47.4924,0.0419,False,,0.0000,0.0061,0.2227,,3.7322,64.6719,64.7795,,-0.1329,27.5093,27.5097
14:09:34,65.9044,0.0459,-2.2352,833.8082,46.6258,0.1482,False,,0.0000,0.0044,0.2178,,3.7289,62.8901,63.0006,,-0.1362,27.0615,27.0618
14:09:34,65.9519,0.0475,-2.2353,834.3215,46.0554,0.2107,False,,0.0000,0.0032,0.2178,,3.7264,61.7102,61.8226,,-0.1387,26.7718,26.7722
14:09:34,65.9984,0.0465,-2.2351,834.8284,45.4851,0.2658,False,,0.0000,0.0025,0.2178,,3.5981,60.5427,60.6495,,-0.1413,26.4887,26.4891
14:09:34,66.0443,0.0459,-2.2338,835.5770,44.6309,0.3369,False,,0.0000,0.0024,0.2178,,3.5939,58.7942,58.9039,,-0.1456,26.0734,26.0738
14:09:34,66.0910,0.0466,-2.2325,836.0681,44.0617,0.3783,False,,0.0000,0.0024,0.2178,,3.5907,57.6364,57.7482,,-0.1487,25.8070,25.8074
14:09:34,66.1350,0.0440,-2.2307,836.5530,43.4933,0.4159,False,,0.0000,0.0024,0.2178,,3.5874,56.4849,56.5987,,-0.1521,25.5455,25.5459
14:09:34,66.1830,0.0480,-2.2273,837.2684,42.6417,0.4658,False,,0.0000,0.0022,0.2178,,3.5819,54.7696,54.8866,,-0.1576,25.1642,25.1647
14:09:34,66.2323,0.0493,-2.2247,837.7379,42.1669,0.4952,False,,0.0000,0.0019,0.1737,,3.5780,53.6335,53.7527,,-0.1615,24.9188,24.9194
14:09:34,66.2788,0.0465,-2.2217,838.2039,41.9684,0.5219,False,,0.0000,0.0017,0.0267,,3.5739,52.5009,52.6224,,-0.1656,24.6758,24.6764
14:09:34,66.3237,0.0449,-2.2167,838.9013,41.8224,0.5577,False,,0.0000,0.0016,0.0000,,3.5673,50.8035,50.9286,,-0.1721,24.3132,24.3138
14:09:34,66.3699,0.0462,-2.2130,839.3657,41.7769,0.5795,False,,0.0000,0.0016,0.0000,,3.5627,49.6726,49.8002,,-0.1767,24.0726,24.0733
14:09:34,66.4127,0.0429,-2.2090,839.8294,41.7268,0.6001,False,,0.0000,0.0016,0.0000,,3.5579,48.5422,48.6724,,-0.1816,23.8313,23.8320
14:09:35,66.4591,0.0463,-2.2048,840.2926,41.6754,0.6196,False,,0.0000,0.0016,0.0000,,3.5528,47.4124,47.5453,,-0.1866,23.5921,23.5928
14:09:35,66.5019,0.0428,-2.1981,840.9863,41.5981,0.6475,False,,0.0000,0.0016,0.0000,,3.5450,45.7188,45.8560,,-0.1945,23.2344,23.2352
14:09:35,66.5470,0.0451,-2.1934,841.4481,41.5464,0.6654,False,,0.0000,0.0016,0.0000,,3.5395,44.5904,44.7307,,-0.2000,22.9955,22.9964
14:09:35,66.5919,0.0449,-2.1885,841.9092,41.4949,0.6828,False,,0.0000,0.0016,0.0000,,3.1246,43.4940,43.6060,,-0.2056,22.7565,22.7574
14:09:35,66.6368,0.0449,-2.1834,842.3698,41.4434,0.6999,False,,0.0000,0.0016,0.0000,,3.1188,42.3669,42.4816,,-0.2114,22.5200,22.5210
14:09:35,66.6802,0.0434,-2.1755,843.0596,41.3662,0.7251,False,,0.0000,0.0016,0.0000,,3.1098,40.6774,40.7961,,-0.2204,22.1632,22.1643
14:09:35,66.7253,0.0451,-2.1700,843.5188,41.3149,0.7416,False,,0.0000,0.0016,0.0000,,3.1036,39.5517,39.6733,,-0.2266,21.9262,21.9273
14:09:35,66.7684,0.0431,-2.1643,843.9774,41.2636,0.7580,False,,0.0000,0.0016,0.0000,,3.0973,38.4266,38.5512,,-0.2330,21.6916,21.6928
14:09:35,66.8108,0.0424,-2.1586,844.4354,41.2124,0.7742,False,,0.0000,0.0016,0.0000,,3.0908,37.3021,37.4299,,-0.2394,21.4568,21.4581
14:09:35,66.8546,0.0438,-2.1526,844.8929,41.1613,0.7903,False,,0.0000,0.0016,0.0000,,3.0842,36.1781,36.3093,,-0.2461,21.2235,21.2249
14:09:35,66.8998,0.0452,-2.1466,845.3498,41.1102,0.8064,False,,0.0000,0.0016,0.0000,,3.0774,35.0547,35.1895,,-0.2528,20.9902,20.9918
14:09:35,66.9423,0.0424,-2.1372,846.0341,41.0337,0.8303,False,,0.0000,0.0016,0.0000,,3.0671,33.3707,33.5113,,-0.2632,20.6426,20.6443
14:09:35,66.9870,0.0447,-2.1308,846.4895,40.9828,0.8462,False,,0.0000,0.0016,0.0000,,3.0600,32.2487,32.3936,,-0.2702,20.4089,20.4107
14:09:35,67.0322,0.0452,-2.1243,846.9444,40.9320,0.8620,False,,0.0000,0.0016,0.0000,,3.0528,31.1273,31.2767,,-0.2774,20.1765,20.1784
14:09:35,67.0770,0.0448,-2.1177,847.3987,40.8812,0.8778,False,,0.0000,0.0016,0.0000,,3.0455,30.0065,30.1606,,-0.2848,19.9460,19.9480
14:09:35,67.1216,0.0446,-2.1075,848.0792,40.8051,0.9014,False,,0.0000,0.0016,0.0000,,3.0343,28.3263,28.4884,,-0.2960,19.5967,19.5989
14:09:35,67.1681,0.0465,-2.1005,848.5320,40.7545,0.9171,False,,0.0000,0.0016,0.0000,,2.8436,27.2322,27.3802,,-0.3036,19.3673,19.3697
14:09:35,67.2131,0.0450,-2.0934,848.9844,40.7039,0.9328,False,,0.0000,0.0016,0.0000,,2.8359,26.1133,26.2668,,-0.3113,19.1384,19.1410
14:09:35,67.2550,0.0418,-2.0862,849.4362,40.6534,0.9484,False,,0.0000,0.0016,0.0000,,2.8280,24.9950,25.1545,,-0.3192,18.9116,18.9143
14:09:35,67.3004,0.0454,-2.0752,850.1129,40.5777,0.9718,False,,0.0000,0.0016,0.0000,,2.8160,23.3186,23.4880,,-0.3312,18.5695,18.5725
14:09:35,67.3464,0.0461,-2.0678,850.5632,40.5274,0.9874,False,,0.0000,0.0016,0.0000,,2.8079,22.2017,22.3786,,-0.3393,18.3418,18.3449
14:09:35,67.3896,0.0432,-2.0602,851.0131,40.4771,1.0030,False,,0.0000,0.0016,0.0000,,2.7996,21.0854,21.2704,,-0.3476,18.1163,18.1197
14:09:35,67.4348,0.0452,-2.0524,851.4623,40.4269,1.0185,False,,0.0000,0.0016,0.0000,,2.7913,19.9697,20.1638,,-0.3559,17.8900,17.8935
14:09:36,67.4802,0.0454,-2.0407,852.1351,40.3516,1.0418,False,,0.0000,0.0016,0.0000,,2.7785,18.2971,18.5068,,-0.3687,17.5519,17.5558
14:09:36,67.5275,0.0473,-2.0327,852.5830,40.3016,1.0573,False,,0.0000,0.0016,0.0000,,2.7699,17.1827,17.4045,,-0.3774,17.3280,17.3321
14:09:36,67.5725,0.0449,-2.0245,853.0303,40.2515,1.0728,False,,0.0000,0.0016,0.0000,,2.7611,16.0689,16.3044,,-0.3861,17.1029,17.1073
14:09:36,67.6171,0.0447,-2.0163,853.4771,40.2016,1.0882,False,,0.0000,0.0016,0.0000,,2.7522,14.9556,15.2068,,-0.3950,16.8794,16.8840
14:09:36,67.6625,0.0453,-2.0038,854.1461,40.1268,1.1113,False,,0.0000,0.0016,0.0000,,2.7387,13.2868,13.5661,,-0.4086,16.5462,16.5513
14:09:36,67.7082,0.0457,-1.9953,854.5915,40.0770,1.1267,False,,0.0000,0.0016,0.0000,,2.7296,12.1749,12.4772,,-0.4177,16.3226,16.3279
14:09:36,67.7506,0.0424,-1.9867,855.0363,40.0272,1.1421,False,,0.0000,0.0016,0.0000,,2.7203,11.0636,11.3931,,-0.4270,16.1021,16.1077
14:09:36,67.7958,0.0452,-1.9779,855.4805,39.9776,1.1575,False,,0.0000,0.0016,0.0000,,2.7110,9.9529,10.3155,,-0.4363,15.8818,15.8878
14:09:36,67.8432,0.0474,-1.9646,856.1459,39.9031,1.1811,False,,0.0000,0.0019,0.0000,,2.5149,8.3349,8.7061,,-0.4507,15.5504,15.5569
14:09:36,67.8938,0.0506,-1.9556,856.5887,39.8536,1.1978,False,,0.0000,0.0022,0.0000,,2.5052,7.2256,7.6476,,-0.4604,15.3314,15.3383
14:09:36,67.9432,0.0493,-1.9418,857.2520,39.7794,1.2244,False,,0.0000,0.0022,0.0000,,2.4903,5.5626,6.0946,,-0.4753,15.0024,15.0099
14:09:36,67.9902,0.0470,-1.9325,857.6935,39.7300,1.2429,False,,0.0000,0.0022,0.0000,,2.3763,4.5042,5.0926,,-0.4854,14.7848,14.7928
14:09:36,68.0323,0.0422,-1.9230,858.1344,39.6807,1.2619,False,,0.0000,0.0022,0.0000,,2.2519,3.4582,4.1268,,-0.4957,14.5695,14.5779
14:09:36,68.0773,0.0450,-1.9134,858.5748,39.6315,1.2813,False,,0.0000,0.0022,0.0000,,1.9730,2.5287,3.2073,,-0.5062,14.3530,14.3619
14:09:36,68.1202,0.0429,-1.8987,859.2343,39.5577,1.3109,False,,0.0000,0.0022,0.0000,,1.8055,0.9934,2.0607,,-0.5221,14.0264,14.0361
14:09:36,68.1657,0.0455,-1.8888,859.6733,39.5086,1.3308,False,,0.0000,0.0022,0.0000,,1.6226,0.2762,1.6459,,-0.5329,13.8118,13.8220
14:09:36,68.2073,0.0417,-1.8787,860.1118,39.4595,1.3509,False,,0.0000,0.0022,0.0000,,1.4821,0.0766,1.4841,,-0.5438,13.5959,13.6068
14:09:36,68.2543,0.0469,-1.8685,860.5496,39.4105,1.3714,False,,0.0000,0.0024,0.0000,,1.3802,-0.0401,1.3808,,-0.5549,13.3784,13.3899
14:09:36,68.2998,0.0455,-1.8581,860.9870,39.3616,1.3940,False,,0.0000,0.0035,0.0000,,1.2836,-0.0520,1.2847,,-0.5662,13.1650,13.1772
14:09:36,68.3482,0.0485,-1.8420,861.6422,39.3043,1.4379,False,,0.0365,0.0055,0.0000,,2.9110,194.0861,194.1080,,-0.4847,12.8488,12.8580
14:09:36,68.3960,0.0477,-1.8309,862.0786,39.2886,1.4784,False,,0.1051,0.0088,0.0000,,2.8981,192.9830,193.0047,,-0.4678,12.6377,12.6464
14:09:37,68.4422,0.0462,-1.8132,862.7330,39.2770,1.5648,False,,0.1100,0.0115,0.0000,,2.8768,191.3286,191.3502,,-0.4375,12.3219,12.3297
14:09:37,68.4885,0.0463,-1.8007,863.1691,39.2722,1.6400,False,,0.1149,0.0138,0.0000,,2.8611,190.2257,190.2472,,-0.4141,12.1107,12.1178
14:09:37,68.5334,0.0449,-1.7875,863.6053,39.2691,1.7300,False,,0.1198,0.0153,0.0000,,2.8441,189.1229,189.1443,,-0.3881,11.8973,11.9036
14:09:37,68.5804,0.0470,-1.7664,864.2595,39.2737,1.8905,False,,0.1394,0.0165,0.0000,,2.8161,187.4689,187.4900,,-0.2728,11.5822,11.5854
14:09:37,68.6284,0.0480,-1.7513,864.6957,39.2885,2.0127,False,,0.1737,0.0177,0.0000,,2.7959,186.3661,186.3871,,-0.2931,11.3676,11.3713
14:09:37,68.6730,0.0445,-1.7354,865.1321,39.3173,2.1462,False,,0.2129,0.0184,0.0000,,2.7742,185.2631,185.2838,,-0.3147,11.1505,11.1549
14:09:37,68.7186,0.0456,-1.7185,865.5690,39.3611,2.2890,False,,0.2521,0.0185,0.0000,,2.7513,184.1597,184.1803,,-0.3376,10.9364,10.9416
14:09:37,68.7623,0.0437,-1.6913,866.2255,39.4584,2.5165,False,,0.3110,0.0185,0.0000,,2.7144,182.5035,182.5237,,-0.3744,10.6152,10.6218
14:09:37,68.8110,0.0486,-1.6718,866.6642,39.5522,2.6748,False,,0.3845,0.0184,0.0000,,2.6883,181.3983,181.4182,,-0.4006,10.3997,10.4074
14:09:37,68.8571,0.0462,-1.6513,867.1042,39.6780,2.8362,False,,0.4776,0.0177,0.0000,,2.6609,180.2919,180.3116,,-0.4280,10.1824,10.1914
14:09:37,68.9047,0.0475,-1.6184,867.7670,39.8886,3.0769,False,,0.5000,0.0161,0.0000,,2.6177,178.6296,178.6488,,-0.4711,9.8549,9.8662
14:09:37,68.9522,0.0476,-1.5951,868.2108,40.0344,3.2318,False,,0.5000,0.0136,0.0000,,2.5879,177.5193,177.5382,,-0.5009,9.6316,9.6446
14:09:37,68.9986,0.0463,-1.5709,868.6562,40.1797,3.3758,False,,0.5000,0.0105,0.0000,,2.5575,176.4076,176.4261,,-0.5313,9.4080,9.4229
14:09:37,69.0423,0.0437,-1.5328,869.3272,40.3974,3.5642,False,,0.5000,0.0074,0.0000,,2.5115,174.7369,174.7550,,-0.5773,9.0721,9.0905
14:09:37,69.0887,0.0464,-1.5065,869.7765,40.5422,3.6702,False,,0.5000,0.0047,0.0000,,2.4806,173.6212,173.6389,,-0.6082,8.8452,8.8661
14:09:37,69.1322,0.0436,-1.4793,870.2274,40.6870,3.7594,False,,0.5000,0.0029,0.0000,,2.4497,172.5038,172.5212,,-0.6391,8.6180,8.6416
14:09:37,69.1779,0.0457,-1.4515,870.6798,40.8315,3.8320,False,,0.5000,0.0012,0.0000,,2.4188,171.3848,171.4019,,-0.6700,8.3910,8.4177
14:09:37,69.2232,0.0453,-1.4087,871.3614,41.0481,3.9103,False,,0.5000,-0.0006,0.0000,,2.3727,169.7034,169.7200,,-0.7161,8.0417,8.0736
14:09:37,69.2694,0.0462,-1.3795,871.8177,41.1924,3.9434,False,,0.5000,-0.0025,0.0000,,2.3421,168.5803,168.5966,,-0.7467,7.8077,7.8434
14:09:37,69.3166,0.0471,-1.3500,872.2757,41.3364,3.9600,False,,0.5000,-0.0047,0.0000,,2.3118,167.4557,167.4716,,-0.7769,7.5741,7.6138
14:09:37,69.3627,0.0461,-1.3052,872.9656,41.5522,3.9546,False,,0.5000,-0.0063,0.0000,,2.2673,165.7657,165.7812,,-0.8215,7.2148,7.2615
14:09:37,69.4091,0.0464,-1.2752,873.4275,41.6958,3.9328,False,,0.5000,-0.0076,0.0000,,2.2382,164.6370,164.6522,,-0.8506,6.9768,7.0285
14:09:38,69.4567,0.0477,-1.2451,873.8910,41.8392,3.8978,False,,0.5000,-0.0084,0.0000,,2.2095,163.5066,163.5215,,-0.8792,6.7371,6.7942
14:09:38,69.5028,0.0460,-1.2000,874.5892,42.0540,3.8225,False,,0.5000,-0.0093,0.0000,,2.1677,161.8080,161.8226,,-0.9211,6.3759,6.4421
14:09:38,69.5503,0.0475,-1.1701,875.0568,42.1969,3.7580,False,,0.5000,-0.0107,0.0000,,2.1405,160.6736,160.6878,,-0.9483,6.1323,6.2051
14:09:38,69.5953,0.0450,-1.1405,875.5259,42.3395,3.6809,False,,0.5000,-0.0123,0.0000,,2.1142,159.5375,159.5515,,-0.9746,5.8889,5.9690
14:09:38,69.6408,0.0455,-1.0969,876.2325,42.5530,3.5426,False,,0.5000,-0.0133,0.0000,,2.0764,157.8303,157.8440,,-1.0124,5.5152,5.6073
14:09:38,69.6856,0.0448,-1.0684,876.7057,42.6951,3.4376,False,,0.5000,-0.0136,0.0000,,2.0524,156.6902,156.7036,,-1.0364,5.2649,5.3659
14:09:38,69.7309,0.0453,-1.0405,877.1804,42.8369,3.3247,False,,0.5000,-0.0136,0.0000,,2.0293,155.5484,155.5616,,-1.0595,5.0150,5.1257
14:09:38,69.7772,0.0464,-1.0131,877.6568,42.9785,3.2054,False,,0.5000,-0.0136,0.0000,,2.0070,154.4050,154.4180,,-1.0818,4.7594,4.8808
14:09:38,69.8234,0.0462,-0.9734,878.3743,43.1905,3.0172,False,,0.5000,-0.0136,0.0000,,1.9753,152.6869,152.6997,,-1.0876,4.3834,4.5163
14:09:38,69.8710,0.0475,-0.9479,878.8547,43.3388,2.8871,False,,0.5273,-0.0136,0.0000,,1.9553,151.5395,151.5521,,-1.0846,4.1340,4.2739
14:09:38,69.9178,0.0468,-0.9232,879.3370,43.5118,2.7541,False,,0.6106,-0.0135,0.0000,,1.9362,150.3902,150.4027,,-1.0850,3.8828,4.0315
14:09:38,69.9614,0.0436,-0.8876,880.0645,43.8046,2.5532,False,,0.6547,-0.0126,0.0000,,1.9091,148.6622,148.6744,,-1.1121,3.4908,3.6637
14:09:38,70.0075,0.0461,-0.8648,880.5524,44.0067,2.4214,False,,0.6596,-0.0112,0.0000,,1.8920,147.5073,147.5195,,-1.1293,3.2263,3.4183
14:09:38,70.0525,0.0451,-0.8429,881.0425,44.2090,2.2947,False,,0.6596,-0.0096,0.0000,,1.8754,146.3502,146.3622,,-1.1459,2.9612,3.1752
14:09:38,70.0962,0.0437,-0.8217,881.5349,44.4072,2.1756,False,,0.6449,-0.0081,0.0000,,1.8593,145.1909,145.2028,,-1.1621,2.6922,2.9323
14:09:38,70.1434,0.0471,-0.7913,882.2777,44.7015,2.0132,False,,0.6449,-0.0068,0.0000,,1.8358,143.4477,143.4594,,-1.1858,2.2852,2.5745
14:09:38,70.1911,0.0477,-0.7719,882.7757,44.8973,1.9164,False,,0.6449,-0.0053,0.0000,,1.8205,142.2828,142.2944,,-1.1523,2.0372,2.3405
14:09:38,70.2359,0.0449,-0.7531,883.2759,45.0929,1.8297,False,,0.6449,-0.0042,0.0000,,1.8054,141.1157,141.1273,,-1.0935,1.7985,2.1048
14:09:38,70.2837,0.0478,-0.7261,884.0303,45.3857,1.7167,False,,0.6449,-0.0037,0.0000,,1.7832,139.3611,139.3725,,-1.0045,1.4575,1.7701
14:09:38,70.3287,0.0450,-0.7089,884.5359,45.5807,1.6501,False,,0.6449,-0.0037,0.0000,,1.7688,138.1887,138.2000,,-0.8816,1.2736,1.5489
14:09:38,70.3753,0.0466,-0.6923,885.0436,45.7729,1.5887,False,,0.6351,-0.0037,0.0000,,1.7548,137.0140,137.0253,,-0.8718,1.0052,1.3307
14:09:38,70.4224,0.0471,-0.6684,885.8093,46.0548,1.5040,False,,0.6253,-0.0037,0.0000,,1.7346,135.2482,135.2594,,-0.8925,0.5770,1.0628
14:09:39,70.4716,0.0492,-0.6532,886.3223,46.2388,1.4512,False,,0.6155,-0.0037,0.0000,,1.7216,134.0684,134.0794,,-0.9058,0.2874,0.9503
14:09:39,70.5175,0.0459,-0.6385,886.8373,46.4178,1.4006,False,,0.6008,-0.0037,0.0000,,1.7091,132.8865,132.8975,,-0.8739,0.2001,0.8965
14:09:39,70.5613,0.0437,-0.6174,887.6133,46.6513,1.3296,False,,0.5273,-0.0032,0.0000,,1.6910,131.1104,131.1213,,-0.8387,0.1002,0.8446
14:09:39,70.6070,0.0457,-0.6039,888.1328,46.7919,1.2858,False,,0.5000,-0.0027,0.0000,,1.6793,129.9243,129.9351,,-0.8164,0.0969,0.8222
14:09:39,70.6512,0.0441,-0.5908,888.6536,46.9291,1.2447,False,,0.5000,-0.0027,0.0000,,1.6680,128.7367,128.7475,,-0.7970,0.0453,0.7983
14:09:39,70.6956,0.0444,-0.5781,889.1759,47.0383,1.2055,False,,0.3894,-0.0028,0.0000,,1.6569,127.5478,127.5586,,-0.7940,0.0208,0.7942
14:09:39,70.7416,0.0460,-0.5599,889.9606,47.1108,1.1462,False,,0.2276,-0.0038,0.0000,,1.6413,125.7631,125.7738,,-0.7998,0.0201,0.8001
14:09:39,70.7881,0.0465,-0.5484,890.4840,47.1127,1.1035,False,,0.1100,-0.0053,0.0000,,1.6316,124.5730,124.5837,,-0.8100,0.0059,0.8100
14:09:39,70.8351,0.0470,-0.5374,891.0071,47.0783,1.0555,False,,0.0267,-0.0066,0.0000,,1.6226,123.3832,123.3939,,-0.8247,-0.0084,0.8248
14:09:39,70.8815,0.0464,-0.5220,891.7907,46.9953,0.9705,False,,0.0000,-0.0079,0.0000,,1.6109,121.5997,121.6103,,-0.8397,-0.0101,0.8398
14:09:39,70.9285,0.0470,-0.5126,892.3123,46.9365,0.9040,False,,0.0000,-0.0094,0.0000,,1.6043,120.4114,120.4221,,-0.8489,-0.0114,0.8490
14:09:39,70.9749,0.0464,-0.5039,892.8333,46.8779,0.8273,False,,0.0000,-0.0110,0.0000,,1.5988,119.2238,119.2345,,-1.8964,96.2710,96.2897
14:09:39,71.0195,0.0446,-0.4959,893.3536,46.8191,0.7393,False,,0.0000,-0.0124,0.0000,,1.5946,118.0367,118.0475,,-1.9006,95.9735,95.9923
14:09:39,71.0653,0.0458,-0.4855,894.1328,46.7311,0.5869,False,,0.0000,-0.0133,0.0000,,1.5907,116.2575,116.2684,,-1.9045,95.5286,95.5476
14:09:39,71.1126,0.0473,-0.4797,894.6516,46.6724,0.4740,False,,0.0000,-0.0135,0.0000,,1.5896,115.0721,115.0831,,-1.9056,95.2334,95.2525
14:09:39,71.1585,0.0459,-0.4748,895.1696,46.6138,0.3541,False,,0.0000,-0.0135,0.0000,,1.5898,113.8874,113.8985,,-1.9054,94.9376,94.9567
14:09:39,71.2055,0.0470,-0.4691,895.9455,46.5260,0.1640,False,,0.0000,-0.0136,0.0000,,1.5923,112.1115,112.1228,,-1.9029,94.4984,94.5175
14:09:39,71.2533,0.0478,-0.4666,896.4620,46.4674,0.0321,False,,0.0000,-0.0136,0.0000,,1.5954,110.9284,110.9399,,-1.8998,94.2049,94.2241
14:09:39,71.2999,0.0466,-0.4652,896.9778,46.4089,-0.1032,False,,0.0000,-0.0138,0.0000,,1.5996,109.7460,109.7576,,-1.8956,93.9125,93.9316
14:09:39,71.3454,0.0455,-0.4650,897.7503,46.3211,-0.3115,False,,0.0000,-0.0139,0.0000,,1.6083,107.9736,107.9855,,-1.8869,93.4758,93.4948
14:09:39,71.3920,0.0466,-0.4662,898.2645,46.2626,-0.4534,False,,0.0000,-0.0140,0.0000,,1.6156,106.7927,106.8049,,-1.8796,93.1841,93.2030
14:09:39,71.4354,0.0433,-0.4687,898.7781,46.2042,-0.5972,False,,0.0000,-0.0140,0.0000,,1.6242,105.6126,105.6251,,-1.8710,92.8935,92.9123
14:09:40,71.4792,0.0439,-0.4723,899.2910,46.1457,-0.7425,False,,0.0000,-0.0140,0.0000,,1.6339,104.4332,104.4459,,-1.8613,92.6043,92.6230
14:09:40,71.5269,0.0477,-0.4799,900.0590,46.0581,-0.9618,False,,0.0000,-0.0139,0.0000,,1.6509,102.6653,102.6786,,-1.8443,92.1698,92.1883
14:09:40,71.5741,0.0472,-0.4865,900.5703,45.9998,-1.1085,False,,0.0000,-0.0138,0.0000,,1.6638,101.4876,101.5012,,-1.8314,91.8826,91.9008
14:09:40,71.6228,0.0486,-0.4987,901.3358,45.9125,-1.3262,False,,0.0000,-0.0130,0.0000,,1.6852,99.7223,99.7365,,-1.8100,91.4514,91.4693
14:09:40,71.6689,0.0461,-0.5083,901.8454,45.8545,-1.4674,False,,0.0000,-0.0117,0.0000,,1.7008,98.5462,98.5609,,-1.7944,91.1649,91.1825
14:09:40,71.7149,0.0461,-0.5190,902.3543,45.7967,-1.6029,False,,0.0000,-0.0104,0.0000,,1.7173,97.3709,97.3860,,-1.7779,90.8795,90.8969
14:09:40,71.7637,0.0488,-0.5371,903.1164,45.7103,-1.7923,False,,0.0000,-0.0092,0.0000,,1.7434,95.6091,95.6250,,-1.7518,90.4511,90.4680
14:09:40,71.8111,0.0474,-0.5504,903.6237,45.6528,-1.9088,False,,0.0000,-0.0079,0.0000,,1.7616,94.4353,94.4517,,-1.7336,90.1679,90.1845
14:09:40,71.8560,0.0449,-0.5646,904.1302,45.5956,-2.0160,False,,0.0000,-0.0066,0.0000,,1.7805,93.2623,93.2793,,-1.7147,89.8843,89.9006
14:09:40,71.9015,0.0455,-0.5877,904.8889,45.5099,-2.1574,False,,0.0000,-0.0051,0.0000,,1.8095,91.5039,91.5218,,-1.6857,89.4614,89.4773
14:09:40,71.9483,0.0468,-0.6041,905.3938,45.4530,-2.2390,False,,0.0000,-0.0038,0.0000,,1.8294,90.3325,90.3510,,-1.6658,89.1801,89.1956
14:09:40,71.9944,0.0461,-0.6212,905.8981,45.3963,-2.3107,False,,0.0000,-0.0032,0.0000,,1.8496,89.1617,89.1809,,-1.6457,88.8981,88.9134
14:09:40,72.0395,0.0451,-0.6390,906.4017,45.3396,-2.3733,False,,0.0000,-0.0024,0.0000,,1.8700,87.9916,88.0114,,-1.6252,88.6193,88.6342
14:09:40,72.0850,0.0455,-0.6668,907.1559,45.2549,-2.4487,False,,0.0000,-0.0011,0.0000,,1.9010,86.2376,86.2585,,-1.5942,88.1998,88.2142
14:09:40,72.1335,0.0485,-0.6860,907.6579,45.1987,-2.4858,False,,0.0000,0.0009,0.0000,,1.9218,85.0690,85.0907,,-1.5735,87.9212,87.9353
14:09:40,72.1802,0.0467,-0.7153,908.4097,45.1145,-2.5170,False,,0.0000,0.0032,0.0000,,1.5421,83.3259,83.3401,,-1.5428,87.5049,87.5185
14:09:40,72.2279,0.0478,-0.7351,908.9101,45.0585,-2.5217,False,,0.0000,0.0048,0.0000,,1.5621,82.1588,82.1737,,-1.5227,87.2269,87.2402
14:09:40,72.2730,0.0450,-0.7551,909.4099,45.0025,-2.5143,False,,0.0000,0.0055,0.0000,,1.5818,80.9924,81.0078,,-1.5031,86.9514,86.9644
14:09:40,72.3159,0.0429,-0.7752,909.9091,44.9467,-2.4969,False,,0.0000,0.0055,0.0000,,1.6011,79.8267,79.8428,,-1.4837,86.6756,86.6883
14:09:40,72.3600,0.0441,-0.7953,910.4076,44.8910,-2.4715,False,,0.0000,0.0055,0.0000,,1.6201,78.6617,78.6784,,-1.4647,86.3991,86.4115
14:09:40,72.4032,0.0432,-0.8254,911.1542,44.8075,-2.4220,False,,0.0000,0.0055,0.0000,,1.6482,76.9153,76.9330,,-1.4367,85.9887,86.0007
14:09:41,72.4480,0.0448,-0.8454,911.6512,44.7519,-2.3831,False,,0.0000,0.0055,0.0000,,1.6665,75.7520,75.7703,,-1.4184,85.7143,85.7260
14:09:41,72.4944,0.0464,-0.8652,912.1476,44.6964,-2.3407,False,,0.0000,0.0055,0.0000,,1.6845,74.5891,74.6081,,-1.4003,85.4410,85.4525
14:09:41,72.5374,0.0430,-0.8849,912.6434,44.6410,-2.2953,False,,0.0000,0.0055,0.0000,,1.7023,73.4269,73.4467,,-1.3826,85.1692,85.1804
14:09:41,72.5823,0.0449,-0.9139,913.3860,44.5580,-2.2232,False,,0.0000,0.0055,0.0000,,1.7283,71.6849,71.7057,,-1.3566,84.7603,84.7711
14:09:41,72.6270,0.0448,-0.9330,913.8802,44.5027,-2.1731,False,,0.0000,0.0055,0.0000,,1.7452,70.5243,70.5459,,-1.3397,84.4902,84.5009
14:09:41,72.6707,0.0437,-0.9517,914.3739,44.4474,-2.1216,False,,0.0000,0.0055,0.0000,,1.7617,69.3643,69.3866,,-1.3232,84.2199,84.2302
14:09:41,72.7161,0.0454,-0.9701,914.8669,44.3922,-2.0695,False,,0.0000,0.0053,0.0000,,1.7779,68.2049,68.2281,,-1.3070,83.9490,83.9592
14:09:41,72.7657,0.0496,-0.9970,915.6054,44.3096,-1.9925,False,,0.0000,0.0047,0.0000,,1.8016,66.4669,66.4913,,-1.2834,83.5464,83.5562
14:09:41,72.8128,0.0471,-1.0145,916.0970,44.2546,-1.9436,False,,0.0000,0.0037,0.0000,,1.8170,65.3090,65.3343,,-1.2679,83.2778,83.2874
14:09:41,72.8581,0.0453,-1.0317,916.5880,44.1997,-1.8978,False,,0.0000,0.0032,0.0000,,1.8323,64.1517,64.1778,,-1.2526,83.0100,83.0194
14:09:41,72.9038,0.0457,-1.0569,917.3232,44.1174,-1.8347,False,,0.0000,0.0030,0.0000,,1.8548,62.4168,62.4444,,-1.2301,82.6099,82.6190
14:09:41,72.9474,0.0436,-1.0733,917.8127,44.0626,-1.7956,False,,0.0000,0.0030,0.0000,,1.8696,61.2610,61.2895,,-1.2154,82.3428,82.3518
14:09:41,72.9931,0.0457,-1.0894,918.3016,44.0079,-1.7583,False,,0.0000,0.0029,0.0000,,1.8840,60.1057,60.1352,,-1.2010,82.0783,82.0870
14:09:41,73.0386,0.0455,-1.1051,918.7899,43.9533,-1.7226,False,,0.0000,0.0029,0.0000,,1.8982,58.9510,58.9815,,-1.1868,81.8132,81.8218
14:09:41,73.0838,0.0452,-1.1280,919.5211,43.8715,-1.6738,False,,0.0000,0.0021,0.0000,,1.9191,57.2200,57.2522,,-1.1659,81.4166,81.4250
14:09:41,73.1295,0.0457,-1.1430,920.0079,43.8171,-1.6461,False,,0.0000,0.0009,0.0000,,1.9330,56.0668,56.1001,,-1.1520,81.1536,81.1618
14:09:41,73.1738,0.0443,-1.1578,920.4941,43.7627,-1.6237,False,,0.0000,0.0000,0.0000,,1.9468,54.9141,54.9486,,-1.1382,80.8902,80.8982
14:09:41,73.2173,0.0435,-1.1724,920.9797,43.7085,-1.6075,False,,0.0000,-0.0009,0.0000,,1.9607,53.7620,53.7978,,-1.1243,80.6280,80.6358
14:09:41,73.2596,0.0423,-1.1869,921.4647,43.6543,-1.5963,False,,0.0000,-0.0009,0.0000,,1.9747,52.6105,52.6475,,-1.1103,80.3669,80.3746
14:09:41,73.3030,0.0434,-1.2083,922.1910,43.5731,-1.5872,False,,0.0000,-0.0009,0.0000,,1.9957,50.8843,50.9234,,-1.0893,79.9744,79.9818
14:09:41,73.3469,0.0439,-1.2224,922.6745,43.5191,-1.5849,False,,0.0000,-0.0009,0.0000,,2.0097,49.7341,49.7747,,-1.0753,79.7154,79.7227
14:09:41,73.3913,0.0444,-1.2364,923.1574,43.4651,-1.5849,False,,0.0000,-0.0009,0.0000,,2.0237,48.5846,48.6267,,-1.0613,79.4559,79.4630
14:09:42,73.4371,0.0458,-1.2502,923.6397,43.4112,-1.5867,False,,0.0000,-0.0009,0.0000,,2.0377,47.4357,47.4794,,-1.0474,79.1959,79.2029
14:09:42,73.4818,0.0448,-1.2709,924.3620,43.3305,-1.5920,False,,0.0000,-0.0009,0.0000,,2.0586,45.7134,45.7597,,-1.0264,78.8085,78.8152
14:09:42,73.5259,0.0440,-1.2847,924.8428,43.2768,-1.5970,False,,0.0000,-0.0009,0.0000,,2.0725,44.5659,44.6141,,-1.0125,78.5507,78.5572
14:09:42,73.5700,0.0442,-1.2984,925.3231,43.2231,-1.6027,False,,0.0000,-0.0009,0.0000,,2.0865,43.4190,43.4691,,-0.9986,78.2924,78.2987
14:09:42,73.6146,0.0446,-1.3120,925.8027,43.1695,-1.6090,False,,0.0000,-0.0009,0.0000,,2.1004,42.2728,42.3249,,-0.9846,78.0367,78.0430
14:09:42,73.6597,0.0451,-1.3257,926.2817,43.1160,-1.6159,False,,0.0000,-0.0009,0.0000,,2.1143,41.1271,41.1814,,-0.9707,77.7808,77.7869
14:09:42,73.7059,0.0462,-1.3461,926.9991,43.0359,-1.6261,False,,0.0000,-0.0006,0.0000,,2.1352,39.4097,39.4675,,-0.9498,77.3991,77.4049
14:09:42,73.7529,0.0470,-1.3598,927.4766,42.9825,-1.6317,False,,0.0000,0.0000,0.0000,,2.1491,38.2655,38.3258,,-0.9359,77.1446,77.1503
14:09:42,73.7999,0.0469,-1.3734,927.9536,42.9292,-1.6362,False,,0.0000,0.0000,0.0000,,2.1629,37.1219,37.1848,,-0.9221,76.8913,76.8968
14:09:42,73.8456,0.0457,-1.3937,928.6679,42.8494,-1.6379,False,,0.0000,0.0011,0.0000,,2.1832,35.4076,35.4748,,-0.9018,76.5123,76.5176
14:09:42,73.8902,0.0446,-1.4071,929.1434,42.7963,-1.6348,False,,0.0000,0.0019,0.0000,,2.1966,34.2655,34.3358,,-0.8885,76.2587,76.2638
14:09:42,73.9351,0.0449,-1.4205,929.6182,42.7432,-1.6276,False,,0.0000,0.0024,0.0000,,2.2096,33.1241,33.1977,,-0.8754,76.0059,76.0110
14:09:42,73.9816,0.0465,-1.4403,930.3295,42.6637,-1.6103,False,,0.0000,0.0025,0.0000,,2.2287,31.4130,31.4920,,-0.8563,75.6278,75.6327
14:09:42,74.0315,0.0499,-1.4534,930.8029,42.6108,-1.5952,False,,0.0000,0.0026,0.0000,,2.2412,30.2731,30.3559,,-0.8438,75.3779,75.3826
14:09:42,74.0803,0.0489,-1.4728,931.5119,42.5315,-1.5674,False,,0.0000,0.0029,0.0000,,2.2594,28.5643,28.6535,,-0.8256,75.0042,75.0087
14:09:42,74.1261,0.0458,-1.4856,931.9838,42.4787,-1.5450,False,,0.0000,0.0037,0.0000,,2.2712,27.4258,27.5197,,-0.8138,74.7564,74.7608
14:09:42,74.1716,0.0455,-1.4981,932.4552,42.4260,-1.5188,False,,0.0000,0.0042,0.0000,,2.2827,26.2880,26.3869,,-0.8024,74.5080,74.5123
14:09:42,74.2151,0.0435,-1.5104,932.9260,42.3733,-1.4886,False,,0.0000,0.0047,0.0000,,2.2937,25.1507,25.2551,,-0.7913,74.2594,74.2636
14:09:42,74.2569,0.0419,-1.5225,933.3962,42.3207,-1.4550,False,,0.0000,0.0047,0.0000,,2.3044,24.0140,24.1244,,-0.7807,74.0132,74.0174
14:09:42,74.3023,0.0454,-1.5402,934.1005,42.2419,-1.3999,False,,0.0000,0.0047,0.0000,,2.3197,22.3102,22.4305,,-0.7653,73.6432,73.6472
14:09:42,74.3475,0.0452,-1.5517,934.5692,42.1895,-1.3608,False,,0.0000,0.0047,0.0000,,2.3295,21.1751,21.3028,,-0.7556,73.3978,73.4017
14:09:42,74.3919,0.0444,-1.5628,935.0374,42.1371,-1.3202,False,,0.0000,0.0047,0.0000,,2.3390,20.0405,20.1766,,-0.7461,73.1531,73.1569
14:09:42,74.4353,0.0433,-1.5737,935.5051,42.0848,-1.2785,False,,0.0000,0.0047,0.0000,,2.3481,18.9065,19.0518,,-0.7370,72.9079,72.9116
14:09:43,74.4809,0.0456,-1.5895,936.2054,42.0064,-1.2144,False,,0.0000,0.0047,0.0000,,2.3612,17.2065,17.3678,,-0.7240,72.5427,72.5463
14:09:43,74.5274,0.0465,-1.5995,936.6716,41.9542,-1.1697,False,,0.0000,0.0053,0.0000,,2.3694,16.0740,16.2477,,-0.7158,72.2995,72.3030
14:09:43,74.5731,0.0457,-1.6092,937.1373,41.9020,-1.1219,False,,0.0000,0.0063,0.0000,,2.3770,14.9421,15.1300,,-0.7081,72.0558,72.0593
14:09:43,74.6187,0.0456,-1.6185,937.6024,41.8498,-1.0703,False,,0.0000,0.0068,0.0000,,2.3841,13.8107,14.0150,,-0.7010,71.8148,71.8182
14:09:43,74.6642,0.0456,-1.6316,938.2989,41.7717,-0.9866,False,,0.0000,0.0070,0.0000,,2.3937,12.1148,12.3490,,-0.6915,71.4526,71.4559
14:09:43,74.7087,0.0444,-1.6398,938.7625,41.7198,-0.9275,False,,0.0000,0.0070,0.0000,,2.3994,10.9849,11.2439,,-0.6858,71.2117,71.2150
14:09:43,74.7532,0.0445,-1.6476,939.2256,41.6678,-0.8664,False,,0.0000,0.0070,0.0000,,2.4046,9.8556,10.1447,,-0.6807,70.9723,70.9756
14:09:43,74.7990,0.0458,-1.6549,939.6881,41.6160,-0.8039,False,,0.0000,0.0070,0.0000,,2.4092,8.7268,9.0533,,-0.6760,70.7324,70.7357
14:09:43,74.8435,0.0445,-1.6649,940.3808,41.5383,-0.7080,False,,0.0000,0.0070,0.0000,,2.4152,7.0349,7.4379,,-0.6701,70.3762,70.3794
14:09:43,74.8900,0.0465,-1.6710,940.8419,41.4865,-0.6431,False,,0.0000,0.0070,0.0000,,2.4186,5.9076,6.3835,,-0.6667,70.1381,70.1413
14:09:43,74.9360,0.0461,-1.6766,941.3024,41.4349,-0.5781,False,,0.0000,0.0067,0.0000,,2.3161,4.8271,5.3540,,-0.6639,69.9013,69.9044
14:09:43,74.9816,0.0455,-1.6841,941.9921,41.3576,-0.4836,False,,0.0000,0.0058,0.0000,,2.2300,3.1871,3.8898,,-0.6604,69.5471,69.5503
14:09:43,75.0281,0.0465,-1.6886,942.4512,41.3061,-0.4243,False,,0.0000,0.0047,0.0000,,1.9745,2.2537,2.9963,,-0.6584,69.3106,69.3137
14:09:43,75.0734,0.0453,-1.6928,942.9097,41.2548,-0.3698,False,,0.0000,0.0037,0.0000,,1.5761,1.3949,2.1047,,-0.6566,69.0753,69.0784
14:09:43,75.1186,0.0452,-1.6965,943.3676,41.2035,-0.3208,False,,0.0000,0.0029,0.0000,,1.5060,0.3504,1.5462,,-0.6549,68.8409,68.8440
14:09:43,75.1638,0.0452,-1.7015,944.0535,41.1268,-0.2571,False,,0.0000,0.0024,0.0000,,1.2715,0.0370,1.2720,,-0.6527,68.4884,68.4915
14:09:43,75.2112,0.0475,-1.7044,944.5100,41.0757,-0.2203,False,,0.0000,0.0022,0.0000,,1.1972,-0.0015,1.1972,,-0.6513,68.2561,68.2592
14:09:43,75.2563,0.0450,-1.7070,944.9659,41.0246,-0.1879,False,,0.0000,0.0016,0.0000,,1.1524,-0.0304,1.1528,,-0.6501,68.0233,68.0264
14:09:43,75.3026,0.0463,-1.7104,945.6488,40.9483,-0.1482,False,,0.0000,0.0009,0.0000,,3.2167,194.4886,194.5152,,-0.6484,67.6745,67.6776
14:09:43,75.3479,0.0453,-1.7124,946.1034,40.8974,-0.1271,False,,0.0000,0.0006,0.0000,,3.2178,193.3672,193.3940,,-0.6473,67.4437,67.4468
14:09:43,75.3918,0.0439,-1.7141,946.5574,40.8467,-0.1103,False,,0.0000,0.0000,0.0000,,3.2188,192.2465,192.2735,,-0.6462,67.2122,67.2153
14:09:43,75.4351,0.0432,-1.7157,947.0108,40.7960,-0.0971,False,,0.0000,0.0000,0.0000,,3.2199,191.1263,191.1535,,-0.6452,66.9816,66.9847
14:09:44,75.4797,0.0446,-1.7172,947.4637,40.7453,-0.0869,False,,0.0000,0.0000,0.0000,,3.2209,190.0067,190.0340,,-0.6442,66.7526,66.7557
14:09:44,75.5227,0.0430,-1.7191,948.1419,40.6695,-0.0755,False,,0.0000,0.0000,0.0000,,3.2223,188.3284,188.3559,,-0.6428,66.4077,66.4108
14:09:44,75.5685,0.0459,-1.7202,948.5934,40.6191,-0.0699,False,,0.0000,0.0000,0.0000,,3.2232,187.2101,187.2379,,-0.6419,66.1802,66.1833
14:09:44,75.6127,0.0442,-1.7212,949.0443,40.5687,-0.0656,False,,0.0000,0.0000,0.0000,,3.2240,186.0925,186.1204,,-0.6411,65.9526,65.9557
14:09:44,75.6584,0.0457,-1.7221,949.4946,40.5183,-0.0622,False,,0.0000,0.0000,0.0000,,3.2247,184.9754,185.0035,,-0.6404,65.7258,65.7289
14:09:44,75.7027,0.0443,-1.7233,950.1691,40.4429,-0.0585,False,,0.0000,0.0000,0.0000,,3.2258,183.3008,183.3292,,-0.6393,65.3869,65.3900
14:09:44,75.7486,0.0460,-1.7240,950.6180,40.3928,-0.0566,False,,0.0000,0.0000,0.0000,,3.2264,182.1851,182.2137,,-0.6387,65.1606,65.1638
14:09:44,75.7930,0.0443,-1.7247,951.0664,40.3426,-0.0552,False,,0.0000,0.0000,0.0000,,3.2270,181.0700,181.0988,,-0.6381,64.9368,64.9400
14:09:44,75.8365,0.0436,-1.7253,951.5143,40.2926,-0.0540,False,,0.0000,0.0000,0.0000,,3.2276,179.9554,179.9843,,-0.6375,64.7124,64.7156
14:09:44,75.8782,0.0416,-1.7259,951.9615,40.2426,-0.0532,False,,0.0000,0.0000,0.0000,,3.2281,178.8414,178.8705,,-0.6370,64.4876,64.4908
14:09:44,75.9206,0.0424,-1.7267,952.6314,40.1677,-0.0522,False,,0.0000,0.0000,0.0000,,3.2289,177.1714,177.2008,,-0.6362,64.1529,64.1560
14:09:44,75.9652,0.0446,-1.7272,953.0773,40.1179,-0.0517,False,,0.0000,0.0000,0.0000,,3.2294,176.0587,176.0883,,-0.6357,63.9298,63.9330
14:09:44,76.0085,0.0433,-1.7277,953.5226,40.0681,-0.0514,False,,0.0000,0.0000,0.0000,,3.2299,174.9467,174.9765,,-0.6352,63.7065,63.7097
14:09:44,76.0515,0.0430,-1.7281,953.9675,40.0184,-0.0511,False,,0.0000,0.0000,0.0000,,3.2303,173.8351,173.8651,,-0.6348,63.4860,63.4892
14:09:44,76.0951,0.0436,-1.7286,954.4117,39.9687,-0.0508,False,,0.0000,0.0000,0.0000,,3.2308,172.7241,172.7543,,-0.6343,63.2647,63.2679
14:09:44,76.1362,0.0411,-1.7290,954.8554,39.9191,-0.0507,False,,0.0000,0.0000,0.0000,,3.2312,171.6136,171.6441,,-0.6339,63.0429,63.0460
14:09:44,76.1832,0.0470,-1.7297,955.5199,39.8448,-0.0504,False,,0.0000,0.0000,0.0000,,3.2318,169.9490,169.9798,,-0.6333,62.7143,62.7175
14:09:44,76.2288,0.0456,-1.7301,955.9622,39.7954,-0.0494,False,,0.0000,0.0006,0.0000,,3.2322,168.8400,168.8709,,-0.6329,62.4944,62.4976
14:09:44,76.2728,0.0440,-1.7304,956.4040,39.7460,-0.0464,False,,0.0000,0.0012,0.0000,,3.2324,167.7314,167.7626,,-0.6327,62.2755,62.2787
14:09:44,76.3180,0.0452,-1.7307,956.8452,39.6967,-0.0409,False,,0.0000,0.0017,0.0000,,3.2324,166.6235,166.6548,,-0.6326,62.0581,62.0613
14:09:44,76.3635,0.0455,-1.7310,957.5060,39.6228,-0.0277,False,,0.0000,0.0020,0.0000,,3.2322,164.9625,164.9942,,-0.6329,61.7305,61.7338
14:09:44,76.4115,0.0480,-1.7311,957.9459,39.5736,-0.0164,False,,0.0000,0.0020,0.0000,,3.2318,163.8560,163.8878,,-0.6333,61.5147,61.5179
14:09:45,76.4574,0.0459,-1.7311,958.3852,39.5245,-0.0036,False,,0.0000,0.0020,0.0000,,3.2313,162.7499,162.7820,,-0.6338,61.2985,61.3017
14:09:45,76.5010,0.0436,-1.7310,959.0431,39.4509,0.0177,False,,0.0000,0.0020,0.0000,,3.2302,161.0919,161.1242,,-0.6349,60.9761,60.9794
14:09:45,76.5461,0.0451,-1.7308,959.4810,39.4020,0.0330,False,,0.0000,0.0020,0.0000,,3.2294,159.9872,160.0198,,-0.6357,60.7615,60.7648
14:09:45,76.5907,0.0446,-1.7305,959.9184,39.3531,0.0489,False,,0.0000,0.0020,0.0000,,3.2284,158.8831,158.9158,,-0.6367,60.5469,60.5502
14:09:45,76.6342,0.0435,-1.7301,960.3553,39.3042,0.0652,False,,0.0000,0.0020,0.0000,,3.2273,157.7794,157.8124,,-0.6378,60.3344,60.3378
14:09:45,76.6762,0.0420,-1.7296,960.7916,39.2554,0.0819,False,,0.0000,0.0020,0.0000,,3.2261,156.6764,156.7096,,-0.6390,60.1215,60.1249
14:09:45,76.7216,0.0455,-1.7286,961.4450,39.1824,0.1074,False,,0.0000,0.0020,0.0000,,3.2241,155.0228,155.0564,,-0.6410,59.8030,59.8064
14:09:45,76.7653,0.0436,-1.7279,961.8799,39.1337,0.1247,False,,0.0000,0.0020,0.0000,,3.2226,153.9211,153.9549,,-0.6425,59.5920,59.5955
14:09:45,76.8105,0.0452,-1.7270,962.3144,39.0851,0.1421,False,,0.0000,0.0020,0.0000,,3.2209,152.8199,152.8539,,-0.6441,59.3805,59.3840
14:09:45,76.8553,0.0448,-1.7260,962.7482,39.0366,0.1596,False,,0.0000,0.0020,0.0000,,3.2192,151.7194,151.7535,,-0.6459,59.1699,59.1735
14:09:45,76.8975,0.0422,-1.7248,963.1816,38.9881,0.1772,False,,0.0000,0.0020,0.0000,,3.2173,150.6193,150.6536,,-0.6478,58.9609,58.9645
14:09:45,76.9395,0.0420,-1.7236,963.6144,38.9397,0.1948,False,,0.0000,0.0020,0.0000,,3.2153,149.5197,149.5543,,-0.6498,58.7508,58.7544
14:09:45,76.9823,0.0428,-1.7215,964.2626,38.8673,0.2213,False,,0.0000,0.0020,0.0000,,3.2120,147.8714,147.9063,,-0.6530,58.4365,58.4401
14:09:45,77.0278,0.0455,-1.7199,964.6940,38.8190,0.2390,False,,0.0000,0.0020,0.0000,,3.2097,146.7732,146.8083,,-0.6554,58.2288,58.2325
14:09:45,77.0719,0.0441,-1.7182,965.1249,38.7708,0.2567,False,,0.0000,0.0020,0.0000,,3.2073,145.6755,145.7108,,-0.6578,58.0201,58.0239
14:09:45,77.1183,0.0463,-1.7164,965.5554,38.7227,0.2733,False,,0.0000,0.0012,0.0000,,3.2048,144.5784,144.6139,,-0.6603,57.8126,57.8163
14:09:45,77.1624,0.0442,-1.7136,966.1999,38.6506,0.2922,False,,0.0000,0.0000,0.0000,,3.2011,142.9338,142.9696,,-0.6639,57.5031,57.5070
14:09:45,77.2100,0.0475,-1.7116,966.6290,38.6026,0.3004,False,,0.0000,-0.0006,0.0000,,3.1989,141.8380,141.8740,,-0.6662,57.2958,57.2997
14:09:45,77.2557,0.0458,-1.7097,967.0574,38.5547,0.3040,False,,0.0000,-0.0015,0.0000,,3.1968,140.7427,140.7790,,-0.6683,57.0913,57.0952
14:09:45,77.3006,0.0448,-1.7068,967.6992,38.4829,0.3005,False,,0.0000,-0.0022,0.0000,,3.1941,139.1008,139.1375,,-0.6710,56.7837,56.7877
14:09:45,77.3491,0.0485,-1.7050,968.1264,38.4352,0.2930,False,,0.0000,-0.0024,0.0000,,3.1925,138.0069,138.0438,,-0.6726,56.5809,56.5849
14:09:45,77.3932,0.0441,-1.7032,968.5530,38.3895,0.2815,False,,0.0070,-0.0029,0.0000,,3.1912,136.9135,136.9507,,-0.6739,56.3774,56.3814
14:09:46,77.4396,0.0465,-1.7014,968.9792,38.3445,0.2654,False,,0.0070,-0.0037,0.0000,,3.1902,135.8206,135.8580,,-0.6749,56.1740,56.1780
14:09:46,77.4875,0.0479,-1.6991,969.6175,38.2771,0.2309,False,,0.0070,-0.0048,0.0000,,3.1893,134.1821,134.2200,,-0.6758,55.8718,55.8759
14:09:46,77.5365,0.0489,-1.6979,970.0424,38.2323,0.2003,False,,0.0070,-0.0061,0.0000,,3.1893,133.0905,133.1287,,-0.6757,55.6696,55.6737
14:09:46,77.5854,0.0489,-1.6964,970.6789,38.1630,0.1440,False,,0.0021,-0.0063,0.0000,,3.1902,131.4539,131.4926,,-0.6749,55.3690,55.3731
14:09:46,77.6307,0.0454,-1.6957,971.1025,38.1156,0.1012,False,,0.0000,-0.0063,0.0000,,3.1914,130.3635,130.4025,,-0.6737,55.1686,55.1728
14:09:46,77.6750,0.0443,-1.6952,971.5256,38.0682,0.0554,False,,0.0000,-0.0063,0.0000,,3.1929,129.2736,129.3130,,-0.6722,54.9678,54.9719
14:09:46,77.7202,0.0452,-1.6951,972.1594,37.9973,-0.0175,False,,0.0000,-0.0063,0.0000,,3.1958,127.6398,127.6798,,-0.6692,54.6707,54.6748
14:09:46,77.7653,0.0451,-1.6954,972.5811,37.9521,-0.0682,False,,0.0070,-0.0063,0.0000,,3.1983,126.5513,126.5917,,-0.6668,54.4717,54.4758
14:09:46,77.8108,0.0455,-1.6960,973.0024,37.9117,-0.1201,False,,0.0218,-0.0063,0.0000,,3.2011,125.4632,125.5040,,-0.6640,54.2720,54.2761
14:09:46,77.8578,0.0470,-1.6969,973.4234,37.8769,-0.1728,False,,0.0365,-0.0063,0.0000,,3.2042,124.3755,124.4168,,-0.6608,54.0753,54.0794
14:09:46,77.9029,0.0451,-1.6989,974.0541,37.8314,-0.2507,False,,0.0463,-0.0055,0.0000,,3.2095,122.7446,122.7866,,-0.6555,53.7784,53.7824
14:09:46,77.9547,0.0518,-1.7006,974.4742,37.8040,-0.2993,False,,0.0512,-0.0040,0.0000,,3.2133,121.6578,121.7003,,-0.6518,53.5812,53.5851
14:09:46,78.0024,0.0477,-1.7035,975.1039,37.7635,-0.3604,False,,0.0512,-0.0020,0.0000,,3.2188,120.0281,120.0712,,-0.6463,53.2866,53.2905
14:09:46,78.0490,0.0466,-1.7056,975.5233,37.7366,-0.3928,False,,0.0512,-0.0009,0.0000,,3.2223,118.9420,118.9856,,-0.6427,53.0906,53.0945
14:09:46,78.0961,0.0471,-1.7080,975.9423,37.7098,-0.4190,False,,0.0512,-0.0006,0.0000,,3.2258,117.8561,117.9003,,-0.6393,52.8955,52.8993
14:09:46,78.1408,0.0448,-1.7118,976.5704,37.6695,-0.4497,False,,0.0512,-0.0006,0.0000,,3.2310,116.2280,116.2729,,-0.6341,52.6018,52.6056
14:09:46,78.1888,0.0480,-1.7146,976.9887,37.6455,-0.4659,False,,0.0610,-0.0006,0.0000,,3.2344,115.1429,115.1883,,-0.6307,52.4075,52.4113
14:09:46,78.2358,0.0470,-1.7175,977.4068,37.6322,-0.4796,False,,0.0953,-0.0006,0.0000,,3.2379,114.0580,114.1040,,-0.6272,52.2127,52.2165
14:09:46,78.2821,0.0462,-1.7222,978.0345,37.6852,-0.4967,False,,0.2521,-0.0006,0.0000,,3.2433,112.4303,112.4771,,-0.6218,51.9203,51.9240
14:09:46,78.3323,0.0502,-1.7255,978.4539,37.7822,-0.5064,False,,0.3943,-0.0006,0.0000,,3.2470,111.3441,111.3914,,-0.6181,51.7247,51.7284
14:09:46,78.3775,0.0452,-1.7289,978.8746,37.9042,-0.5153,False,,0.4531,-0.0006,0.0000,,3.2508,110.2567,110.3046,,-0.6143,51.5268,51.5305
14:09:46,78.4218,0.0443,-1.7342,979.5084,38.0949,-0.5272,False,,0.4531,-0.0006,0.0000,,3.2566,108.6227,108.6715,,-0.6085,51.2282,51.2318
14:09:47,78.4658,0.0440,-1.7379,979.9327,38.2252,-0.5346,False,,0.4531,-0.0006,0.0000,,3.2606,107.5317,107.5811,,-0.6045,51.0258,51.0294
14:09:47,78.5093,0.0435,-1.7417,980.3585,38.3550,-0.5416,False,,0.4531,-0.0006,0.0000,,3.2647,106.4391,106.4892,,-0.6004,50.8231,50.8266
14:09:47,78.5576,0.0483,-1.7455,980.7858,38.4816,-0.5483,False,,0.4433,-0.0006,0.0000,,3.2689,105.3452,105.3959,,-0.5962,50.6199,50.6234
14:09:47,78.6042,0.0466,-1.7515,981.4292,38.6681,-0.5580,False,,0.4384,-0.0006,0.0000,,3.2752,103.7016,103.7533,,-0.5898,50.3098,50.3132
14:09:47,78.6497,0.0455,-1.7556,981.8598,38.7885,-0.5643,False,,0.4286,-0.0006,0.0000,,3.2796,102.6042,102.6566,,-0.5855,50.1030,50.1065
14:09:47,78.6985,0.0488,-1.7597,982.2916,38.8863,-0.5705,False,,0.3551,-0.0006,0.0000,,3.2840,101.5057,101.5588,,-0.5811,49.8947,49.8981
14:09:47,78.7412,0.0427,-1.7661,982.9406,38.9516,-0.5796,False,,0.1884,-0.0006,0.0000,,3.2907,99.8566,99.9108,,-0.5744,49.5815,49.5848
14:09:47,78.7881,0.0469,-1.7704,983.3734,38.9435,-0.5856,False,,0.0757,-0.0006,0.0000,,3.2953,98.7571,98.8120,,-0.5698,49.3723,49.3756
14:09:47,78.8345,0.0465,-1.7747,983.8058,38.9115,-0.5915,False,,0.0218,-0.0006,0.0000,,3.2999,97.6578,97.7136,,-0.5652,49.1637,49.1670
14:09:47,78.8794,0.0448,-1.7791,984.2379,38.8667,-0.5974,False,,0.0000,-0.0006,0.0000,,3.3045,96.5591,96.6156,,-0.5606,48.9554,48.9587
14:09:47,78.9235,0.0441,-1.7858,984.8848,38.7957,-0.6060,False,,0.0000,-0.0006,0.0000,,3.3116,94.9120,94.9697,,-0.5535,48.6417,48.6449
14:09:47,78.9693,0.0458,-1.7903,985.3155,38.7474,-0.6118,False,,0.0000,-0.0006,0.0000,,3.3163,93.8146,93.8732,,-0.5488,48.4336,48.4367
14:09:47,79.0120,0.0427,-1.7948,985.7455,38.6993,-0.6175,False,,0.0000,-0.0006,0.0000,,3.3211,92.7178,92.7772,,-0.5440,48.2258,48.2289
14:09:47,79.0575,0.0455,-1.7994,986.1751,38.6512,-0.6231,False,,0.0000,-0.0006,0.0000,,3.3259,91.6215,91.6818,,-0.5392,48.0182,48.0212
14:09:47,79.1026,0.0452,-1.8063,986.8185,38.5793,-0.6316,False,,0.0000,-0.0006,0.0000,,3.3332,89.9780,90.0397,,-0.5319,47.7101,47.7131
14:09:47,79.1460,0.0434,-1.8110,987.2467,38.5314,-0.6373,False,,0.0000,-0.0006,0.0000,,3.3381,88.8831,88.9457,,-0.5270,47.5067,47.5096
14:09:47,79.1912,0.0451,-1.8157,987.6744,38.4836,-0.6429,False,,0.0000,-0.0006,0.0000,,3.3431,87.7886,87.8522,,-0.5220,47.3023,47.3051
14:09:47,79.2349,0.0438,-1.8205,988.1016,38.4358,-0.6485,False,,0.0000,-0.0006,0.0000,,3.3481,86.6947,86.7593,,-0.5170,47.0978,47.1006
14:09:47,79.2787,0.0437,-1.8253,988.5282,38.3881,-0.6541,False,,0.0000,-0.0006,0.0000,,3.3531,85.6013,85.6670,,-0.5120,46.8949,46.8977
14:09:47,79.3211,0.0424,-1.8325,989.1672,38.3166,-0.6624,False,,0.0000,-0.0006,0.0000,,3.3607,83.9622,84.0295,,-0.5044,46.5909,46.5936
14:09:47,79.3673,0.0462,-1.8374,989.5925,38.2691,-0.6680,False,,0.0000,-0.0006,0.0000,,3.3658,82.8702,82.9385,,-0.4993,46.3876,46.3903
14:09:47,79.4111,0.0438,-1.8423,990.0173,38.2216,-0.6736,False,,0.0000,-0.0006,0.0000,,3.3710,81.7786,81.8481,,-0.4941,46.1874,46.1901
14:09:48,79.4545,0.0434,-1.8473,990.4415,38.1741,-0.6791,False,,0.0000,-0.0006,0.0000,,3.3762,80.6876,80.7582,,-0.4889,45.9862,45.9888
14:09:48,79.5006,0.0461,-1.8548,991.0769,38.1031,-0.6874,False,,0.0000,-0.0006,0.0000,,3.3840,79.0521,79.1245,,-0.4811,45.6852,45.6877
14:09:48,79.5480,0.0474,-1.8598,991.4999,38.0558,-0.6927,False,,0.0000,-0.0004,0.0000,,3.3893,77.9624,78.0360,,-0.4758,45.4863,45.4888
14:09:48,79.5949,0.0469,-1.8648,991.9223,38.0085,-0.6969,False,,0.0000,0.0000,0.0000,,3.3945,76.8732,76.9481,,-0.4706,45.2864,45.2889
14:09:48,79.6407,0.0458,-1.8724,992.5549,37.9378,-0.7015,False,,0.0000,0.0000,0.0000,,3.4023,75.2405,75.3174,,-0.4628,44.9890,44.9914
14:09:48,79.6874,0.0467,-1.8775,992.9761,37.8907,-0.7038,False,,0.0000,0.0000,0.0000,,3.4075,74.1526,74.2308,,-0.4576,44.7914,44.7937
14:09:48,79.7318,0.0443,-1.8826,993.3966,37.8436,-0.7055,False,,0.0000,0.0000,0.0000,,3.4126,73.0653,73.1450,,-0.4525,44.5928,44.5951
14:09:48,79.7770,0.0452,-1.8877,993.8167,37.7967,-0.7068,False,,0.0000,0.0000,0.0000,,3.4178,71.9785,72.0596,,-0.4473,44.3970,44.3992
14:09:48,79.8208,0.0438,-1.8954,994.4458,37.7263,-0.7083,False,,0.0000,0.0000,0.0000,,3.4255,70.3492,70.4326,,-0.4396,44.1028,44.1050
14:09:48,79.8693,0.0484,-1.9005,994.8646,37.6794,-0.7076,False,,0.0000,0.0009,0.0000,,3.4306,69.2637,69.3486,,-0.4345,43.9070,43.9092
14:09:48,79.9161,0.0469,-1.9055,995.2828,37.6327,-0.7041,False,,0.0000,0.0016,0.0000,,3.4355,68.1788,68.2653,,-0.4296,43.7125,43.7146
14:09:48,79.9622,0.0460,-1.9129,995.9093,37.5744,-0.6919,False,,0.0267,0.0024,0.0000,,3.4424,66.5521,66.6411,,-0.4227,43.4200,43.4221
14:09:48,80.0094,0.0473,-1.9177,996.3265,37.5495,-0.6784,False,,0.0659,0.0034,0.0000,,3.4466,65.4681,65.5588,,-0.4185,43.2269,43.2290
14:09:48,80.0544,0.0449,-1.9224,996.7437,37.5448,-0.6607,False,,0.1247,0.0037,0.0000,,3.4505,64.3843,64.4767,,-0.4146,43.0330,43.0350
14:09:48,80.1008,0.0464,-1.9292,997.3701,37.6163,-0.6277,False,,0.2865,0.0037,0.0000,,3.4559,62.7577,62.8528,,-0.4092,42.7413,42.7433
14:09:48,80.1490,0.0482,-1.9335,997.7889,37.7465,-0.6024,False,,0.4923,0.0037,0.0000,,3.4592,61.6721,61.7690,,-0.4059,42.5462,42.5481
14:09:48,80.1945,0.0455,-1.9378,998.2095,37.8898,-0.5750,False,,0.5000,0.0037,0.0000,,3.4622,60.5848,60.6836,,-0.4029,42.3485,42.3504
14:09:48,80.2408,0.0463,-1.9438,998.8434,38.1149,-0.5311,False,,0.5126,0.0037,0.0000,,3.0566,58.9735,59.0526,,-0.3987,42.0496,42.0515
14:09:48,80.2850,0.0442,-1.9476,999.2682,38.2727,-0.5003,False,,0.5273,0.0037,0.0000,,3.0591,57.8821,57.9629,,-0.3962,41.8465,41.8484
14:09:48,80.3295,0.0446,-1.9513,999.6948,38.4456,-0.4686,False,,0.5763,0.0037,0.0000,,3.0614,56.7889,56.8714,,-0.3939,41.6427,41.6446
14:09:48,80.3748,0.0453,-1.9547,1000.1240,38.6433,-0.4361,False,,0.6498,0.0037,0.0000,,3.0635,55.6937,55.7779,,-0.3918,41.4381,41.4400
14:09:48,80.4200,0.0452,-1.9580,1000.5550,38.8626,-0.4030,False,,0.7037,0.0037,0.0000,,3.0654,54.5961,54.6821,,-0.3899,41.2294,41.2313
14:09:49,80.4649,0.0449,-1.9626,1001.2060,39.2124,-0.3521,False,,0.7331,0.0037,0.0000,,3.0678,52.9448,53.0336,,-0.3876,40.9123,40.9141
14:09:49,80.5111,0.0462,-1.9653,1001.6440,39.4519,-0.3175,False,,0.7381,0.0037,0.0000,,3.0691,51.8406,51.9314,,-0.3863,40.6980,40.6998
14:09:49,80.5559,0.0448,-1.9678,1002.0840,39.6911,-0.2825,False,,0.7381,0.0037,0.0000,,3.0701,50.7338,50.8266,,-0.3852,40.4810,40.4829
14:09:49,80.6001,0.0442,-1.9712,1002.7500,40.0493,-0.2293,False,,0.7381,0.0037,0.0000,,3.0713,49.0685,49.1646,,-0.3841,40.1509,40.1528
14:09:49,80.6467,0.0466,-1.9732,1003.1970,40.2877,-0.1939,False,,0.7381,0.0034,0.0000,,3.0717,47.9551,48.0534,,-0.3837,39.9266,39.9285
14:09:49,80.6926,0.0460,-1.9749,1003.6460,40.5231,-0.1595,False,,0.7282,0.0029,0.0000,,3.0720,46.8390,46.9396,,-0.3834,39.7017,39.7035
14:09:49,80.7397,0.0470,-1.9764,1004.0980,40.7573,-0.1277,False,,0.7282,0.0021,0.0000,,3.0722,45.7203,45.8234,,-0.3832,39.4727,39.4746
14:09:49,80.7843,0.0447,-1.9784,1004.7820,41.1056,-0.0870,False,,0.7233,0.0012,0.0000,,3.0725,44.0374,44.1444,,-0.3829,39.1230,39.1249
14:09:49,80.8292,0.0448,-1.9796,1005.2400,41.3369,-0.0645,False,,0.7233,0.0009,0.0000,,3.0727,42.9121,43.0219,,-0.3828,38.8886,38.8904
14:09:49,80.8737,0.0446,-1.9806,1005.7010,41.5679,-0.0449,False,,0.7233,0.0009,0.0000,,3.0728,41.7842,41.8970,,-0.3826,38.6500,38.6519
14:09:49,80.9164,0.0427,-1.9814,1006.1650,41.7986,-0.0275,False,,0.7233,0.0009,0.0000,,3.0729,40.6538,40.7697,,-0.3825,38.4080,38.4099
14:09:49,80.9610,0.0446,-1.9823,1006.8660,42.1442,-0.0046,False,,0.7233,0.0009,0.0000,,3.0729,38.9533,39.0743,,-0.3826,38.0434,38.0453
14:09:49,81.0057,0.0447,-1.9828,1007.3360,42.3742,0.0090,False,,0.7233,0.0009,0.0000,,3.0728,37.8165,37.9411,,-0.3827,37.7954,37.7973
14:09:49,81.0492,0.0435,-1.9831,1007.8090,42.6039,0.0218,False,,0.7233,0.0009,0.0000,,3.0726,36.6771,36.8055,,-0.3829,37.5457,37.5476
14:09:49,81.0940,0.0448,-1.9833,1008.2840,42.8333,0.0338,False,,0.7233,0.0009,0.0000,,3.0722,35.5352,35.6677,,-0.3833,37.2943,37.2962
14:09:49,81.1372,0.0432,-1.9833,1008.7620,43.0624,0.0453,False,,0.7233,0.0009,0.0000,,3.0718,34.3906,34.5275,,-0.3837,37.0343,37.0363
14:09:49,81.1811,0.0439,-1.9831,1009.4830,43.4055,0.0617,False,,0.7233,0.0009,0.0000,,3.0710,32.6691,32.8132,,-0.3845,36.6254,36.6275
14:09:49,81.2272,0.0461,-1.9829,1009.9680,43.6339,0.0723,False,,0.7233,0.0009,0.0000,,3.0703,31.5183,31.6674,,-0.3852,36.3677,36.3697
14:09:49,81.2704,0.0432,-1.9825,1010.4540,43.8620,0.0826,False,,0.7233,0.0009,0.0000,,3.0695,30.3649,30.5196,,-0.3860,36.1124,36.1145
14:09:49,81.3148,0.0444,-1.9821,1010.9430,44.0898,0.0928,False,,0.7233,0.0009,0.0000,,3.0686,29.2090,29.3697,,-0.3870,35.8574,35.8595
14:09:49,81.3588,0.0440,-1.9815,1011.4350,44.3173,0.1029,False,,0.7233,0.0009,0.0000,,3.0676,28.0505,28.2177,,-0.3880,35.5918,35.5939
14:09:49,81.4018,0.0430,-1.9804,1012.1780,44.6580,0.1179,False,,0.7233,0.0009,0.0000,,3.0659,26.3080,26.4861,,-0.3897,35.1824,35.1845
14:09:50,81.4481,0.0463,-1.9796,1012.6760,44.8848,0.1279,False,,0.7233,0.0009,0.0000,,3.0646,25.1433,25.3293,,-0.3909,34.9064,34.9086
14:09:50,81.4922,0.0441,-1.9787,1013.1760,45.1112,0.1378,False,,0.7233,0.0009,0.0000,,2.7119,24.0183,24.1709,,-0.3923,34.6292,34.6314
14:09:50,81.5372,0.0450,-1.9777,1013.6800,45.3374,0.1477,False,,0.7233,0.0009,0.0000,,2.7104,22.8485,23.0087,,-0.3937,34.3489,34.3511
14:09:50,81.5817,0.0445,-1.9760,1014.4390,45.6761,0.1625,False,,0.7233,0.0009,0.0000,,2.7081,21.0891,21.2623,,-0.3960,33.9233,33.9257
14:09:50,81.6268,0.0451,-1.9747,1014.9480,45.9016,0.1725,False,,0.7233,0.0009,0.0000,,2.7064,19.9130,20.0961,,-0.3977,33.6392,33.6415
14:09:50,81.6688,0.0420,-1.9733,1015.4600,46.1268,0.1824,False,,0.7233,0.0009,0.0000,,2.7046,18.7344,18.9287,,-0.3995,33.3503,33.3527
14:09:50,81.7126,0.0438,-1.9719,1015.9750,46.3516,0.1924,False,,0.7233,0.0009,0.0000,,2.7027,17.5533,17.7602,,-0.4014,33.0573,33.0598
14:09:50,81.7561,0.0435,-1.9703,1016.4920,46.5762,0.2024,False,,0.7233,0.0009,0.0000,,2.7008,16.3699,16.5912,,-0.4034,32.7646,32.7671
14:09:50,81.8011,0.0450,-1.9678,1017.2720,46.9126,0.2174,False,,0.7233,0.0009,0.0000,,2.6976,14.5898,14.8371,,-0.4065,32.3192,32.3217
14:09:50,81.8466,0.0455,-1.9660,1017.7950,47.1365,0.2275,False,,0.7233,0.0009,0.0000,,2.6954,13.4001,13.6685,,-0.4087,32.0186,32.0212
14:09:50,81.8896,0.0430,-1.9641,1018.3200,47.3600,0.2376,False,,0.7233,0.0009,0.0000,,2.6931,12.2078,12.5013,,-0.4111,31.7164,31.7190
14:09:50,81.9346,0.0449,-1.9621,1018.8480,47.5833,0.2478,False,,0.7233,0.0009,0.0000,,2.6906,11.0130,11.3369,,-0.4135,31.4128,31.4155
14:09:50,81.9807,0.0461,-1.9589,1019.6450,47.9177,0.2631,False,,0.7233,0.0009,0.0000,,2.6868,9.2162,9.5999,,-0.4173,30.9516,30.9544
14:09:50,82.0246,0.0439,-1.9567,1020.1790,48.1403,0.2734,False,,0.7233,0.0009,0.0000,,2.6841,8.0153,8.4527,,-0.4200,30.6400,30.6429
14:09:50,82.0687,0.0442,-1.9543,1020.7160,48.3626,0.2837,False,,0.7233,0.0009,0.0000,,2.6813,6.8118,7.3206,,-0.4228,30.3272,30.3301
14:09:50,82.1144,0.0456,-1.9518,1021.2550,48.5846,0.2941,False,,0.7233,0.0009,0.0000,,2.5738,5.6539,6.2121,,-0.4257,30.0114,30.0144
14:09:50,82.1583,0.0439,-1.9493,1021.7970,48.8064,0.3045,False,,0.7233,0.0009,0.0000,,2.5708,4.4456,5.1354,,-0.4288,29.6923,29.6954
14:09:50,82.2014,0.0432,-1.9452,1022.6140,49.1384,0.3202,False,,0.7233,0.0009,0.0000,,2.1741,2.8812,3.6094,,-0.4335,29.2109,29.2142
14:09:50,82.2465,0.0451,-1.9424,1023.1620,49.3594,0.3307,False,,0.7233,0.0009,0.0000,,2.0557,1.7549,2.7029,,-0.4368,28.8857,28.8890
14:09:50,82.2893,0.0428,-1.9394,1023.7120,49.5801,0.3413,False,,0.7233,0.0009,0.0000,,1.8479,0.7233,1.9844,,-0.4402,28.5571,28.5605
14:09:50,82.3324,0.0431,-1.9364,1024.2650,49.8006,0.3519,False,,0.7233,0.0009,0.0000,,1.7487,0.1598,1.7560,,-0.4437,28.2291,28.2326
14:09:50,82.3752,0.0428,-1.9332,1024.8200,50.0207,0.3626,False,,0.7233,0.0009,0.0000,,1.5267,-0.0018,1.5267,,-0.4473,27.8971,27.9007
14:09:50,82.4184,0.0432,-1.9299,1025.3770,50.2406,0.3733,False,,0.7233,0.0009,0.0000,,1.4286,-0.0214,1.4287,,-0.4510,27.5610,27.5647
14:09:51,82.4610,0.0425,-1.9248,1026.2180,50.5699,0.3894,False,,0.7233,0.0009,0.0000,,3.4082,194.8022,194.8321,,-0.4569,27.0563,27.0601
14:09:51,82.5093,0.0483,-1.9212,1026.7820,50.7880,0.4011,False,,0.7184,0.0014,0.0000,,3.4041,193.5719,193.6018,,-0.4610,26.7151,26.7191
14:09:51,82.5555,0.0462,-1.9174,1027.3480,51.0049,0.4167,False,,0.7184,0.0029,0.0000,,3.3997,192.3391,192.3692,,-0.4654,26.3729,26.3770
14:09:51,82.6007,0.0452,-1.9112,1028.2020,51.3298,0.4535,False,,0.7184,0.0048,0.0000,,3.3919,190.4854,190.5155,,-0.4732,25.8544,25.8587
14:09:51,82.6474,0.0467,-1.9065,1028.7740,51.5459,0.4904,False,,0.7184,0.0070,0.0000,,3.3857,189.2465,189.2767,,-0.4794,25.5072,25.5117
14:09:51,82.6925,0.0451,-1.9014,1029.3480,51.7616,0.5410,False,,0.7184,0.0091,0.0000,,3.3784,188.0051,188.0355,,-0.4866,25.1558,25.1605
14:09:51,82.7384,0.0460,-1.8957,1029.9250,51.9770,0.6073,False,,0.7184,0.0109,0.0000,,3.3699,186.7616,186.7920,,-0.4952,24.8016,24.8066
14:09:51,82.7829,0.0445,-1.8859,1030.7950,52.2992,0.7387,False,,0.7184,0.0127,0.0000,,3.3544,184.8917,184.9221,,-0.5106,24.2677,24.2731
14:09:51,82.8280,0.0450,-1.8783,1031.3780,52.5135,0.8460,False,,0.7184,0.0138,0.0000,,3.3423,183.6422,183.6726,,-0.5228,23.9077,23.9134
14:09:51,82.8720,0.0440,-1.8698,1031.9630,52.7276,0.9672,False,,0.7184,0.0140,0.0000,,3.3286,182.3903,182.4206,,-0.5364,23.5444,23.5505
14:09:51,82.9169,0.0448,-1.8603,1032.5510,52.9412,1.0999,False,,0.7184,0.0140,0.0000,,3.3135,181.1361,181.1664,,-0.5516,23.1819,23.1885
14:09:51,82.9617,0.0448,-1.8441,1033.4360,53.2571,1.3155,False,,0.7086,0.0138,0.0000,,3.2882,179.2505,179.2806,,-0.5769,22.6299,22.6372
14:09:51,83.0088,0.0471,-1.8320,1034.0300,53.4619,1.4658,False,,0.6890,0.0128,0.0000,,3.2696,177.9905,178.0205,,-0.5954,22.2595,22.2675
14:09:51,83.0544,0.0456,-1.8187,1034.6250,53.6622,1.6163,False,,0.6841,0.0111,0.0000,,3.2500,176.7283,176.7581,,-0.6151,21.8884,21.8971
14:09:51,83.0993,0.0449,-1.8043,1035.2230,53.8614,1.7618,False,,0.6841,0.0089,0.0000,,3.2294,175.4640,175.4937,,-0.6357,21.5129,21.5223
14:09:51,83.1460,0.0467,-1.7807,1036.1240,54.1598,1.9618,False,,0.6841,0.0065,0.0000,,3.1973,173.5634,173.5928,,-0.6678,20.9469,20.9575
14:09:51,83.1935,0.0474,-1.7636,1036.7270,54.3585,2.0801,False,,0.6841,0.0042,0.0000,,3.1752,172.2937,172.3230,,-0.6899,20.5678,20.5793
14:09:51,83.2402,0.0467,-1.7361,1037.6360,54.6560,2.2322,False,,0.6841,0.0030,0.0000,,3.1412,170.3850,170.4140,,-0.3176,20.0034,20.0059
14:09:51,83.2883,0.0481,-1.7165,1038.2440,54.8541,2.3181,False,,0.6841,0.0022,0.0000,,3.1179,169.1097,169.1385,,-0.3408,19.6176,19.6205
14:09:51,83.3360,0.0477,-1.6959,1038.8550,55.0519,2.3933,False,,0.6841,0.0020,0.0000,,3.0941,167.8323,167.8608,,-0.3646,19.2308,19.2343
14:09:51,83.3812,0.0452,-1.6632,1039.7750,55.3482,2.4899,False,,0.6841,0.0020,0.0000,,3.0573,165.9121,165.9403,,-0.4014,18.6455,18.6498
14:09:51,83.4283,0.0471,-1.6402,1040.3920,55.5455,2.5458,False,,0.6841,0.0019,0.0000,,3.0320,164.6293,164.6572,,-0.4267,18.2517,18.2567
14:09:52,83.4755,0.0472,-1.6164,1041.0100,55.7426,2.5950,False,,0.6841,0.0012,0.0000,,3.0061,163.3442,163.3719,,-0.4526,17.8569,17.8627
14:09:52,83.5223,0.0468,-1.5793,1041.9420,56.0380,2.6538,False,,0.6841,0.0000,0.0000,,2.9664,161.4127,161.4400,,-0.4923,17.2598,17.2668
14:09:52,83.5691,0.0468,-1.5536,1042.5650,56.2347,2.6828,False,,0.6841,-0.0009,0.0000,,2.9396,160.1222,160.1492,,-0.5191,16.8579,16.8659
14:09:52,83.6142,0.0452,-1.5275,1043.1910,56.4312,2.7032,False,,0.6841,-0.0016,0.0000,,2.9125,158.8296,158.8563,,-0.5462,16.4569,16.4660
14:09:52,83.6610,0.0468,-1.4872,1044.1340,56.7256,2.7191,False,,0.6841,-0.0020,0.0000,,2.8716,156.8866,156.9129,,-0.5871,15.8475,15.8584
14:09:52,83.7044,0.0434,-1.4598,1044.7660,56.9216,2.7216,False,,0.6841,-0.0020,0.0000,,2.8441,155.5885,155.6145,,-0.6146,15.4392,15.4514
14:09:52,83.7465,0.0420,-1.4320,1045.3990,57.1173,2.7188,False,,0.6841,-0.0020,0.0000,,2.8164,154.2882,154.3139,,-0.6423,15.0300,15.0438
14:09:52,83.7889,0.0424,-1.4039,1046.0350,57.3128,2.7117,False,,0.6841,-0.0020,0.0000,,2.7886,152.9858,153.0112,,-0.6701,14.6165,14.6318
14:09:52,83.8342,0.0453,-1.3754,1046.6720,57.5081,2.7011,False,,0.6841,-0.0020,0.0000,,2.7606,151.6813,151.7064,,-0.6981,14.2015,14.2187
14:09:52,83.8810,0.0468,-1.3323,1047.6330,57.8006,2.6792,False,,0.6841,-0.0022,0.0000,,2.7184,149.7203,149.7450,,-0.7403,13.5767,13.5968
14:09:52,83.9298,0.0488,-1.3034,1048.2760,57.9953,2.6604,False,,0.6841,-0.0027,0.0000,,2.6903,148.4104,148.4348,,-0.7684,13.1549,13.1773
14:09:52,83.9767,0.0469,-1.2744,1048.9220,58.1898,2.6361,False,,0.6841,-0.0039,0.0000,,2.6623,147.0983,147.1224,,-0.7964,12.7334,12.7583
14:09:52,84.0240,0.0474,-1.2310,1049.8940,58.4771,2.5863,False,,0.6743,-0.0050,0.0000,,2.6210,145.1260,145.1496,,-0.8377,12.0966,12.1255
14:09:52,84.0705,0.0465,-1.2022,1050.5440,58.6620,2.5439,False,,0.6498,-0.0058,0.0000,,2.5940,143.8085,143.8319,,-0.8647,11.6699,11.7019
14:09:52,84.1187,0.0482,-1.1736,1051.1970,58.8293,2.4942,False,,0.5861,-0.0060,0.0000,,2.5675,142.4890,142.5121,,-0.8912,11.2407,11.2760
14:09:52,84.1665,0.0478,-1.1312,1052.1790,59.0279,2.4078,False,,0.5000,-0.0063,0.0000,,2.5288,140.5070,140.5297,,-0.9300,10.5949,10.6356
14:09:52,84.2124,0.0459,-1.1033,1052.8350,59.1398,2.3436,False,,0.4531,-0.0063,0.0000,,2.5037,139.1838,139.2064,,-0.9551,10.1622,10.2070
14:09:52,84.2601,0.0476,-1.0624,1053.8210,59.2498,2.2397,False,,0.3404,-0.0063,0.0000,,2.4671,137.1974,137.2196,,-0.9917,9.5100,9.5616
14:09:52,84.3075,0.0475,-1.0357,1054.4790,59.2883,2.1665,False,,0.2374,-0.0063,0.0000,,2.4435,135.8723,135.8943,,-1.0153,9.0774,9.1340
14:09:52,84.3534,0.0458,-1.0095,1055.1380,59.2986,2.0908,False,,0.1933,-0.0063,0.0000,,2.4206,134.5470,134.5688,,-1.0382,8.6420,8.7041
14:09:52,84.3968,0.0434,-0.9840,1055.7960,59.3003,2.0125,False,,0.1933,-0.0066,0.0000,,2.3984,133.2217,133.2433,,-1.0604,8.2057,8.2739
14:09:53,84.4431,0.0463,-0.9471,1056.7840,59.3026,1.8871,False,,0.1933,-0.0076,0.0000,,2.3668,131.2336,131.2550,,-1.0920,7.5555,7.6340
14:09:53,84.4887,0.0456,-0.9235,1057.4430,59.3040,1.7968,False,,0.1933,-0.0086,0.0000,,2.3471,129.9083,129.9295,,-1.1118,7.1198,7.2060
14:09:53,84.5337,0.0450,-0.9007,1058.1010,59.3063,1.7009,False,,0.1982,-0.0088,0.0000,,2.3284,128.5829,128.6040,,-1.1305,6.6844,6.7794
14:09:53,84.5779,0.0442,-0.8789,1058.7600,59.3104,1.6005,False,,0.2031,-0.0087,0.0000,,2.3108,127.2573,127.2783,,-1.1481,6.2505,6.3551
14:09:53,84.6259,0.0481,-0.8478,1059.7480,59.3199,1.4444,False,,0.2080,-0.0084,0.0000,,2.2864,125.2690,125.2899,,-1.1725,5.5968,5.7183
14:09:53,84.6706,0.0447,-0.8284,1060.4070,59.3269,1.3380,False,,0.2080,-0.0081,0.0000,,2.2715,123.9432,123.9641,,-1.1875,5.1621,5.2969
14:09:53,84.7166,0.0460,-0.8099,1061.0660,59.3347,1.2304,False,,0.2129,-0.0081,0.0000,,2.2576,122.6174,122.6382,,-1.2015,4.7275,4.8778
14:09:53,84.7608,0.0442,-0.7842,1062.0540,59.3477,1.0672,False,,0.2129,-0.0081,0.0000,,2.2388,120.6284,120.6492,,-1.1819,4.0876,4.2551
14:09:53,84.8072,0.0464,-0.7683,1062.7140,59.3573,0.9574,False,,0.2178,-0.0081,0.0000,,2.2276,119.3022,119.3230,,-1.1645,3.6617,3.8424
14:09:53,84.8517,0.0445,-0.7537,1063.3730,59.3677,0.8471,False,,0.2178,-0.0081,0.0000,,2.2176,117.9761,117.9969,,-1.1746,3.2260,3.4331
14:09:53,84.8978,0.0461,-0.7401,1064.0330,59.3800,0.7362,False,,0.2276,-0.0081,0.0000,,2.2088,116.6495,116.6704,,-1.1835,2.7919,3.0324
14:09:53,84.9415,0.0438,-0.7220,1065.0230,59.4032,0.5690,False,,0.2325,-0.0081,0.0000,,2.1977,114.6597,114.6807,,-1.1947,2.1373,2.4485
14:09:53,84.9877,0.0461,-0.7113,1065.6830,59.4201,0.4572,False,,0.2374,-0.0081,0.0000,,2.1919,113.3328,113.3540,,-1.1061,1.7549,2.0744
14:09:53,85.0323,0.0447,-0.7019,1066.3430,59.4380,0.3456,False,,0.2374,-0.0079,0.0000,,2.1872,112.0057,112.0271,,-1.0060,1.3910,1.7166
14:09:53,85.0766,0.0442,-0.6937,1067.0030,59.4559,0.2346,False,,0.2374,-0.0076,0.0000,,2.1837,110.6785,110.7000,,-0.8201,1.0961,1.3689
14:09:53,85.1225,0.0459,-0.6836,1067.9950,59.4826,0.0703,False,,0.2374,-0.0074,0.0000,,2.1806,108.6871,108.7090,,-0.8241,0.4432,0.9357
14:09:53,85.1689,0.0464,-0.6783,1068.6560,59.4957,-0.0368,False,,0.2129,-0.0068,0.0000,,2.1799,107.3594,107.3815,,-0.7935,0.1726,0.8121
14:09:53,85.2141,0.0452,-0.6743,1069.3170,59.5002,-0.1410,False,,0.1933,-0.0063,0.0000,,2.1802,106.0315,106.0539,,-0.7457,0.0697,0.7490
14:09:53,85.2610,0.0469,-0.6703,1070.3080,59.4786,-0.2903,False,,0.1345,-0.0058,0.0000,,2.1826,104.0399,104.0628,,-0.6887,0.0084,0.6888
14:09:53,85.3067,0.0457,-0.6690,1070.9690,59.4428,-0.3843,False,,0.0610,-0.0050,0.0000,,2.1854,102.7126,102.7359,,-0.6862,-0.0011,0.6862
14:09:53,85.3519,0.0452,-0.6689,1071.6290,59.3802,-0.4726,False,,0.0000,-0.0042,0.0000,,2.1889,101.3860,101.4096,,-0.6891,-0.0092,0.6891
14:09:53,85.3953,0.0434,-0.6697,1072.2880,59.3061,-0.5541,False,,0.0000,-0.0034,0.0000,,2.1932,100.0601,100.0841,,-0.6902,-0.0101,0.6903
14:09:54,85.4389,0.0436,-0.6715,1072.9460,59.2321,-0.6294,False,,0.0000,-0.0032,0.0000,,2.1982,98.7351,98.7596,,-0.6884,-0.0110,0.6885
14:09:54,85.4807,0.0418,-0.6760,1073.9320,59.1213,-0.7324,False,,0.0000,-0.0032,0.0000,,2.2071,96.7490,96.7742,,-1.6580,96.2271,96.2413
14:09:54,85.5272,0.0464,-0.6801,1074.5880,59.0476,-0.7960,False,,0.0000,-0.0033,0.0000,,2.2140,95.4260,95.4517,,-1.6512,95.7944,95.8087
14:09:54,85.5701,0.0430,-0.6852,1075.2440,58.9740,-0.8571,False,,0.0000,-0.0037,0.0000,,2.2216,94.1039,94.1301,,-1.6435,95.3619,95.3761
14:09:54,85.6154,0.0452,-0.6911,1075.8990,58.9005,-0.9174,False,,0.0000,-0.0042,0.0000,,2.2301,92.7825,92.8093,,-1.6350,94.9305,94.9446
14:09:54,85.6605,0.0451,-0.7017,1076.8790,58.7905,-1.0078,False,,0.0000,-0.0045,0.0000,,2.2445,90.8021,90.8299,,-1.6206,94.2855,94.2995
14:09:54,85.7046,0.0441,-0.7098,1077.5310,58.7173,-1.0683,False,,0.0000,-0.0045,0.0000,,2.2552,89.4828,89.5112,,-1.6099,93.8554,93.8692
14:09:54,85.7493,0.0447,-0.7187,1078.1830,58.6442,-1.1288,False,,0.0000,-0.0045,0.0000,,2.2666,88.1643,88.1934,,-1.5985,93.4280,93.4417
14:09:54,85.7957,0.0464,-0.7283,1078.8340,58.5713,-1.1894,False,,0.0000,-0.0045,0.0000,,2.2789,86.8468,86.8767,,-1.5862,93.0005,93.0140
14:09:54,85.8396,0.0439,-0.7388,1079.4840,58.4984,-1.2501,False,,0.0000,-0.0045,0.0000,,2.2919,85.5299,85.5606,,-1.5732,92.5725,92.5859
14:09:54,85.8852,0.0457,-0.7559,1080.4580,58.3893,-1.3410,False,,0.0000,-0.0045,0.0000,,2.3129,83.5563,83.5883,,-1.5522,91.9352,91.9483
14:09:54,85.9312,0.0459,-0.7682,1081.1060,58.3167,-1.4017,False,,0.0000,-0.0045,0.0000,,2.3278,82.2415,82.2744,,-1.5373,91.5100,91.5229
14:09:54,85.9770,0.0458,-0.7812,1081.7530,58.2442,-1.4623,False,,0.0000,-0.0045,0.0000,,2.3434,80.9276,80.9615,,-1.5217,91.0861,91.0988
14:09:54,86.0204,0.0434,-0.8021,1082.7230,58.1357,-1.5532,False,,0.0000,-0.0045,0.0000,,2.3682,78.9583,78.9938,,-1.4969,90.4520,90.4644
14:09:54,86.0653,0.0449,-0.8170,1083.3680,58.0635,-1.6137,False,,0.0000,-0.0045,0.0000,,2.3856,77.6464,77.6830,,-1.4795,90.0294,90.0416
14:09:54,86.1090,0.0437,-0.8325,1084.0120,57.9913,-1.6742,False,,0.0000,-0.0045,0.0000,,2.4036,76.3355,76.3733,,-1.4615,89.6095,89.6214
14:09:54,86.1521,0.0431,-0.8487,1084.6560,57.9193,-1.7346,False,,0.0000,-0.0045,0.0000,,2.4224,75.0253,75.0644,,-1.4427,89.1895,89.2011
14:09:54,86.1969,0.0448,-0.8655,1085.2980,57.8473,-1.7950,False,,0.0000,-0.0045,0.0000,,2.4419,73.7158,73.7563,,-1.4232,88.7689,88.7803
14:09:54,86.2427,0.0458,-0.8921,1086.2610,57.7395,-1.8854,False,,0.0000,-0.0045,0.0000,,2.0620,71.7664,71.7960,,-1.3928,88.1427,88.1537
14:09:54,86.2868,0.0442,-0.9107,1086.9010,57.6678,-1.9456,False,,0.0000,-0.0045,0.0000,,2.0832,70.4586,70.4894,,-1.3717,87.7250,87.7357
14:09:54,86.3311,0.0443,-0.9299,1087.5410,57.5962,-2.0058,False,,0.0000,-0.0045,0.0000,,2.1049,69.1516,69.1836,,-1.3499,87.3086,87.3190
14:09:54,86.3768,0.0457,-0.9498,1088.1800,57.5246,-2.0659,False,,0.0000,-0.0045,0.0000,,2.1274,67.8456,67.8789,,-1.3274,86.8934,86.9036
14:09:54,86.4228,0.0460,-0.9809,1089.1370,57.4174,-2.1557,False,,0.0000,-0.0044,0.0000,,2.1623,65.8879,65.9234,,-1.2925,86.2704,86.2801
14:09:55,86.4684,0.0456,-1.0024,1089.7740,57.3461,-2.2150,False,,0.0000,-0.0042,0.0000,,2.1863,64.5839,64.6209,,-1.2685,85.8579,85.8673
14:09:55,86.5140,0.0456,-1.0246,1090.4110,57.2749,-2.2725,False,,0.0000,-0.0035,0.0000,,2.2109,63.2805,63.3191,,-1.2439,85.4452,85.4543
14:09:55,86.5606,0.0467,-1.0589,1091.3630,57.1684,-2.3528,False,,0.0000,-0.0028,0.0000,,2.2486,61.3273,61.3685,,-1.2062,84.8256,84.8341
14:09:55,86.6092,0.0485,-1.0824,1091.9970,57.0975,-2.4004,False,,0.0000,-0.0015,0.0000,,2.2741,60.0261,60.0692,,-1.1806,84.4155,84.4238
14:09:55,86.6552,0.0461,-1.1064,1092.6310,57.0268,-2.4406,False,,0.0000,0.0000,0.0000,,2.2998,58.7258,58.7708,,-1.1550,84.0053,84.0132
14:09:55,86.7013,0.0461,-1.1429,1093.5790,56.9209,-2.4801,False,,0.0000,0.0024,0.0000,,2.3380,56.7769,56.8250,,-1.1167,83.3921,83.3996
14:09:55,86.7494,0.0481,-1.1676,1094.2110,56.8505,-2.4904,False,,0.0000,0.0047,0.0000,,2.3631,55.4788,55.5291,,-1.0916,82.9843,82.9914
14:09:55,86.7933,0.0439,-1.1924,1094.8410,56.7801,-2.4854,False,,0.0000,0.0065,0.0000,,2.3877,54.1814,54.2340,,-1.0671,82.5762,82.5831
14:09:55,86.8410,0.0477,-1.2296,1095.7860,56.6747,-2.4498,False,,0.0000,0.0076,0.0000,,2.4234,52.2369,52.2931,,-1.0314,81.9679,81.9744
14:09:55,86.8869,0.0459,-1.2543,1096.4140,56.6046,-2.4095,False,,0.0000,0.0081,0.0000,,2.4464,50.9418,51.0005,,-1.0084,81.5619,81.5681
14:09:55,86.9325,0.0456,-1.2788,1097.0420,56.5345,-2.3576,False,,0.0000,0.0084,0.0000,,2.2004,49.6617,49.7105,,-0.9860,81.1577,81.1637
14:09:55,86.9807,0.0482,-1.3152,1097.9830,56.4295,-2.2602,False,,0.0000,0.0089,0.0000,,2.2326,47.7219,47.7741,,-0.9538,80.5518,80.5574
14:09:55,87.0277,0.0469,-1.3389,1098.6090,56.3596,-2.1837,False,,0.0000,0.0094,0.0000,,2.2532,46.4296,46.4842,,-0.9333,80.1473,80.1528
14:09:55,87.0740,0.0463,-1.3623,1099.2340,56.2897,-2.0988,False,,0.0000,0.0096,0.0000,,2.2729,45.1381,45.1953,,-0.9136,79.7443,79.7495
14:09:55,87.1175,0.0435,-1.3850,1099.8580,56.2198,-2.0068,False,,0.0000,0.0096,0.0000,,2.2918,43.8474,43.9073,,-0.8947,79.3418,79.3468
14:09:55,87.1619,0.0444,-1.4180,1100.7930,56.1151,-1.8583,False,,0.0000,0.0096,0.0000,,2.3185,41.9130,41.9770,,-0.8680,78.7413,78.7461
14:09:55,87.2095,0.0476,-1.4391,1101.4160,56.0453,-1.7536,False,,0.0000,0.0096,0.0000,,2.3352,40.6243,40.6913,,-0.8514,78.3424,78.3470
14:09:55,87.2554,0.0460,-1.4594,1102.0380,55.9755,-1.6454,False,,0.0000,0.0096,0.0000,,2.3509,39.3364,39.4066,,-0.8357,77.9446,77.9491
14:09:55,87.3015,0.0460,-1.4883,1102.9690,55.8708,-1.4792,False,,0.0000,0.0092,0.0000,,2.3728,37.4059,37.4811,,-0.8139,77.3473,77.3516
14:09:55,87.3476,0.0462,-1.5065,1103.5890,55.8012,-1.3687,False,,0.0000,0.0081,0.0000,,2.3862,36.1198,36.1985,,-0.8004,76.9503,76.9545
14:09:55,87.3923,0.0447,-1.5238,1104.2080,55.7316,-1.2625,False,,0.0000,0.0063,0.0000,,2.3991,34.8346,34.9171,,-0.7876,76.5547,76.5587
14:09:56,87.4387,0.0465,-1.5402,1104.8270,55.6623,-1.1642,False,,0.0000,0.0044,0.0000,,2.4114,33.5501,33.6366,,-0.7753,76.1587,76.1626
14:09:56,87.4836,0.0449,-1.5635,1105.7530,55.5584,-1.0344,False,,0.0000,0.0032,0.0000,,2.4291,31.6244,31.7176,,-0.7576,75.5674,75.5712
14:09:56,87.5300,0.0464,-1.5780,1106.3700,55.4893,-0.9592,False,,0.0000,0.0025,0.0000,,2.4405,30.3416,30.4395,,-0.7463,75.1738,75.1775
14:09:56,87.5765,0.0465,-1.5917,1106.9850,55.4202,-0.8918,False,,0.0000,0.0025,0.0000,,2.4513,29.0595,29.1627,,-0.7355,74.7800,74.7837
14:09:56,87.6217,0.0452,-1.6108,1107.9080,55.3168,-0.8025,False,,0.0000,0.0024,0.0000,,2.4667,27.1376,27.2495,,-0.7202,74.1932,74.1967
14:09:56,87.6678,0.0461,-1.6226,1108.5220,55.2480,-0.7491,False,,0.0000,0.0024,0.0000,,2.4763,25.8573,25.9756,,-0.7106,73.8019,73.8053
14:09:56,87.7129,0.0451,-1.6337,1109.1350,55.1793,-0.6998,False,,0.0000,0.0024,0.0000,,2.4853,24.5776,24.7030,,-0.7016,73.4117,73.4151
14:09:56,87.7544,0.0416,-1.6441,1109.7470,55.1107,-0.6536,False,,0.0000,0.0024,0.0000,,2.4937,23.2988,23.4319,,-0.6932,73.0231,73.0264
14:09:56,87.7976,0.0432,-1.6539,1110.3590,55.0422,-0.6102,False,,0.0000,0.0024,0.0000,,2.5017,22.0206,22.1623,,-0.6853,72.6338,72.6370
14:09:56,87.8413,0.0437,-1.6673,1111.2750,54.9398,-0.5490,False,,0.0000,0.0024,0.0000,,2.5126,20.1049,20.2613,,-0.6744,72.0523,72.0554
14:09:56,87.8892,0.0479,-1.6756,1111.8850,54.8716,-0.5112,False,,0.0000,0.0020,0.0000,,2.5192,18.8285,18.9963,,-0.6678,71.6658,71.6689
14:09:56,87.9332,0.0439,-1.6834,1112.4940,54.8036,-0.4775,False,,0.0000,0.0009,0.0000,,2.5255,17.5529,17.7336,,-0.6614,71.2800,71.2831
14:09:56,87.9798,0.0466,-1.6906,1113.1020,54.7357,-0.4483,False,,0.0000,0.0006,0.0000,,2.5316,16.2780,16.4736,,-0.6554,70.8956,70.8987
14:09:56,88.0265,0.0467,-1.7008,1114.0130,54.6340,-0.4113,False,,0.0000,0.0006,0.0000,,2.5402,14.3671,14.5899,,-0.6468,70.3191,70.3221
14:09:56,88.0814,0.0549,-1.7101,1114.9230,54.5325,-0.3808,False,,0.0000,0.0006,0.0000,,2.5482,12.4578,12.7157,,-0.6388,69.7460,69.7489
14:09:56,88.1279,0.0464,-1.7157,1115.5280,54.4649,-0.3610,False,,0.0000,0.0019,0.0000,,2.5530,11.1858,11.4734,,-0.6340,69.3635,69.3664
14:09:56,88.1714,0.0435,-1.7210,1116.1330,54.3975,-0.3387,False,,0.0000,0.0029,0.0000,,2.4740,9.9312,10.2347,,-0.6297,68.9811,68.9840
14:09:56,88.2167,0.0453,-1.7259,1116.7370,54.3300,-0.3130,False,,0.0000,0.0034,0.0000,,2.4777,8.6608,9.0082,,-0.6259,68.6012,68.6041
14:09:56,88.2605,0.0438,-1.7324,1117.6410,54.2291,-0.2687,False,,0.0000,0.0034,0.0000,,2.4824,6.7566,7.1982,,-0.6213,68.0306,68.0335
14:09:56,88.3041,0.0436,-1.7362,1118.2430,54.1619,-0.2362,False,,0.0000,0.0034,0.0000,,2.4016,5.5254,6.0248,,-0.6188,67.6519,67.6547
14:09:56,88.3498,0.0457,-1.7397,1118.8440,54.0948,-0.2019,False,,0.0000,0.0034,0.0000,,2.3819,4.2675,4.8872,,-0.6168,67.2741,67.2769
14:09:56,88.3943,0.0444,-1.7428,1119.4450,54.0278,-0.1661,False,,0.0000,0.0034,0.0000,,1.9645,3.1903,3.7467,,-0.6152,66.8959,66.8987
14:09:57,88.4399,0.0456,-1.7455,1120.0440,53.9609,-0.1291,False,,0.0000,0.0034,0.0000,,1.6853,2.1305,2.7165,,-0.6141,66.5190,66.5219
14:09:57,88.4834,0.0435,-1.7489,1120.9430,53.8606,-0.0718,False,,0.0000,0.0034,0.0000,,1.5733,0.3579,1.6135,,-0.6131,65.9557,65.9585
14:09:57,88.5276,0.0443,-1.7507,1121.5400,53.7939,-0.0326,False,,0.0000,0.0034,0.0000,,1.4382,0.1102,1.4424,,-0.6130,65.5795,65.5823
14:09:57,88.5712,0.0436,-1.7521,1122.1380,53.7272,0.0071,False,,0.0000,0.0034,0.0000,,1.3069,-0.0068,1.3069,,-0.6133,65.2062,65.2091
14:09:57,88.6168,0.0456,-1.7531,1122.7340,53.6607,0.0473,False,,0.0000,0.0034,0.0000,,1.2242,-0.0374,1.2248,,-0.6140,64.8329,64.8358
14:09:57,88.6598,0.0430,-1.7538,1123.3300,53.5942,0.0879,False,,0.0000,0.0034,0.0000,,3.2498,194.6086,194.6358,,-0.6151,64.4603,64.4633
14:09:57,88.7037,0.0439,-1.7539,1124.2220,53.4946,0.1493,False,,0.0000,0.0034,0.0000,,3.2474,192.7163,192.7437,,-0.6175,63.9033,63.9063
14:09:57,88.7482,0.0445,-1.7536,1124.8160,53.4283,0.1906,False,,0.0000,0.0034,0.0000,,3.2452,191.4557,191.4832,,-0.6196,63.5335,63.5365
14:09:57,88.7928,0.0446,-1.7528,1125.4090,53.3621,0.2302,False,,0.0000,0.0024,0.0000,,3.2428,190.1958,190.2234,,-0.6221,63.1644,63.1675
14:09:57,88.8394,0.0466,-1.7518,1126.0010,53.2960,0.2640,False,,0.0000,0.0000,0.0000,,3.2403,188.9366,188.9644,,-0.6246,62.7952,62.7983
14:09:57,88.8850,0.0456,-1.7499,1126.8890,53.1971,0.2974,False,,0.0000,-0.0020,0.0000,,3.2370,187.0493,187.0773,,-0.6279,62.2426,62.2457
14:09:57,88.9299,0.0449,-1.7484,1127.4790,53.1313,0.3078,False,,0.0000,-0.0030,0.0000,,3.2351,185.7920,185.8202,,-0.6298,61.8757,61.8789
14:09:57,88.9724,0.0425,-1.7468,1128.0690,53.0656,0.3098,False,,0.0000,-0.0030,0.0000,,3.2334,184.5354,184.5637,,-0.6315,61.5083,61.5115
14:09:57,89.0167,0.0444,-1.7451,1128.6580,52.9999,0.3050,False,,0.0000,-0.0030,0.0000,,3.2319,183.2795,183.3080,,-0.6330,61.1427,61.1460
14:09:57,89.0581,0.0413,-1.7433,1129.2460,52.9343,0.2946,False,,0.0000,-0.0030,0.0000,,3.2305,182.0244,182.0531,,-0.6344,60.7780,60.7813
14:09:57,89.1003,0.0422,-1.7405,1130.1280,52.8361,0.2705,False,,0.0000,-0.0030,0.0000,,3.2287,180.1431,180.1720,,-0.6361,60.2300,60.2333
14:09:57,89.1460,0.0457,-1.7386,1130.7140,52.7708,0.2501,False,,0.0000,-0.0030,0.0000,,3.2277,178.8898,178.9189,,-0.6371,59.8680,59.8714
14:09:57,89.1888,0.0429,-1.7368,1131.3000,52.7055,0.2264,False,,0.0000,-0.0032,0.0000,,3.2269,177.6372,177.6665,,-0.6380,59.5051,59.5085
14:09:57,89.2332,0.0444,-1.7350,1131.8850,52.6403,0.1994,False,,0.0000,-0.0035,0.0000,,3.2263,176.3854,176.4149,,-0.6386,59.1420,59.1454
14:09:57,89.2770,0.0438,-1.7334,1132.4690,52.5751,0.1693,False,,0.0000,-0.0037,0.0000,,3.2260,175.1343,175.1640,,-0.6389,58.7817,58.7852
14:09:57,89.3266,0.0496,-1.7313,1133.3450,52.4776,0.1189,False,,0.0000,-0.0038,0.0000,,3.2260,173.2590,173.2891,,-0.6389,58.2411,58.2446
14:09:57,89.3704,0.0438,-1.7301,1133.9270,52.4126,0.0826,False,,0.0000,-0.0038,0.0000,,3.2263,172.0098,172.0400,,-0.6385,57.8814,57.8849
14:09:57,89.4137,0.0433,-1.7291,1134.5090,52.3477,0.0446,False,,0.0000,-0.0038,0.0000,,3.2270,170.7612,170.7917,,-0.6379,57.5231,57.5266
14:09:58,89.4575,0.0438,-1.7284,1135.0900,52.2829,0.0051,False,,0.0000,-0.0038,0.0000,,3.2280,169.5134,169.5442,,-0.6369,57.1648,57.1683
14:09:58,89.5025,0.0450,-1.7279,1135.9600,52.1858,-0.0559,False,,0.0000,-0.0037,0.0000,,3.2300,167.6429,167.6741,,-0.6348,56.6305,56.6341
14:09:58,89.5485,0.0461,-1.7279,1136.5400,52.1212,-0.0963,False,,0.0000,-0.0030,0.0000,,3.2317,166.3969,166.4282,,-0.6331,56.2741,56.2776
14:09:58,89.5982,0.0496,-1.7281,1137.1180,52.0566,-0.1340,False,,0.0000,-0.0018,0.0000,,3.2336,165.1515,165.1831,,-0.6313,55.9193,55.9229
14:09:58,89.6454,0.0472,-1.7289,1137.9850,51.9600,-0.1793,False,,0.0000,0.0000,0.0000,,3.2363,163.2848,163.3169,,-0.6286,55.3879,55.3915
14:09:58,89.6939,0.0485,-1.7296,1138.5620,51.8957,-0.2000,False,,0.0000,0.0016,0.0000,,3.2378,162.0413,162.0736,,-0.6270,55.0335,55.0370
14:09:58,89.7401,0.0462,-1.7308,1139.4250,51.7994,-0.2143,False,,0.0000,0.0027,0.0000,,3.2397,160.1774,160.2101,,-0.6252,54.5061,54.5097
14:09:58,89.7886,0.0484,-1.7317,1140.0000,51.7353,-0.2134,False,,0.0000,0.0034,0.0000,,3.2405,158.9355,158.9686,,-0.6243,54.1537,54.1573
14:09:58,89.8337,0.0451,-1.7326,1140.5750,51.6712,-0.2052,False,,0.0000,0.0035,0.0000,,3.2411,157.6945,157.7278,,-0.6238,53.8027,53.8064
14:09:58,89.8803,0.0466,-1.7341,1141.4350,51.5754,-0.1820,False,,0.0000,0.0035,0.0000,,3.2416,155.8342,155.8679,,-0.6233,53.2783,53.2820
14:09:58,89.9265,0.0462,-1.7350,1142.0070,51.5115,-0.1608,False,,0.0000,0.0035,0.0000,,3.2416,154.5950,154.6290,,-0.6233,52.9277,52.9314
14:09:58,89.9711,0.0446,-1.7359,1142.5790,51.4478,-0.1360,False,,0.0000,0.0035,0.0000,,3.2414,153.3564,153.3907,,-0.6234,52.5787,52.5824
14:09:58,90.0179,0.0468,-1.7367,1143.1500,51.3841,-0.1081,False,,0.0000,0.0035,0.0000,,3.2411,152.1185,152.1531,,-0.6238,52.2312,52.2349
14:09:58,90.0603,0.0424,-1.7377,1144.0060,51.2887,-0.0617,False,,0.0000,0.0035,0.0000,,3.2401,150.2631,150.2980,,-0.6248,51.7087,51.7125
14:09:58,90.1043,0.0440,-1.7381,1144.5750,51.2252,-0.0282,False,,0.0000,0.0036,0.0000,,3.2391,149.0270,149.0622,,-0.6258,51.3632,51.3670
14:09:58,90.1493,0.0450,-1.7384,1145.1440,51.1618,0.0072,False,,0.0000,0.0037,0.0000,,3.2378,147.7916,147.8271,,-0.6270,51.0178,51.0217
14:09:58,90.1926,0.0433,-1.7384,1145.7120,51.0985,0.0441,False,,0.0000,0.0037,0.0000,,3.2363,146.5569,146.5926,,-0.6285,50.6743,50.6782
14:09:58,90.2341,0.0415,-1.7382,1146.2790,51.0352,0.0822,False,,0.0000,0.0037,0.0000,,3.2345,145.3229,145.3589,,-0.6304,50.3308,50.3348
14:09:58,90.2794,0.0453,-1.7378,1146.8450,50.9720,0.1213,False,,0.0000,0.0037,0.0000,,3.2324,144.0896,144.1259,,-0.6325,49.9873,49.9913
14:09:58,90.3243,0.0449,-1.7365,1147.6940,50.8773,0.1814,False,,0.0000,0.0037,0.0000,,3.2286,142.2411,142.2777,,-0.6363,49.4756,49.4797
14:09:58,90.3711,0.0468,-1.7353,1148.2590,50.8142,0.2219,False,,0.0000,0.0035,0.0000,,3.2256,141.0095,141.0464,,-0.6392,49.1339,49.1381
14:09:58,90.4167,0.0456,-1.7338,1148.8230,50.7513,0.2619,False,,0.0000,0.0032,0.0000,,3.2224,139.7786,139.8157,,-0.6424,48.7921,48.7963
14:09:59,90.4621,0.0454,-1.7310,1149.6670,50.6570,0.3185,False,,0.0000,0.0024,0.0000,,3.2172,137.9337,137.9712,,-0.6477,48.2833,48.2877
14:09:59,90.5060,0.0439,-1.7288,1150.2300,50.5943,0.3521,False,,0.0000,0.0012,0.0000,,3.2136,136.7046,136.7424,,-0.6513,47.9436,47.9480
14:09:59,90.5512,0.0453,-1.7264,1150.7920,50.5316,0.3800,False,,0.0000,0.0000,0.0000,,3.2100,135.4762,135.5142,,-0.6549,47.6055,47.6100
14:09:59,90.5972,0.0460,-1.7238,1151.3520,50.4690,0.4012,False,,0.0000,-0.0010,0.0000,,3.2065,134.2485,134.2868,,-0.6584,47.2683,47.2729
14:09:59,90.6399,0.0427,-1.7210,1151.9130,50.4065,0.4152,False,,0.0000,-0.0016,0.0000,,3.2031,133.0216,133.0602,,-0.6617,46.9307,46.9353
14:09:59,90.6841,0.0442,-1.7166,1152.7520,50.3130,0.4251,False,,0.0000,-0.0016,0.0000,,3.1983,131.1824,131.2214,,-0.6665,46.4271,46.4319
14:09:59,90.7296,0.0454,-1.7136,1153.3100,50.2507,0.4258,False,,0.0000,-0.0016,0.0000,,3.1952,129.9572,129.9964,,-0.6696,46.0920,46.0969
14:09:59,90.7739,0.0444,-1.7104,1153.8680,50.1885,0.4229,False,,0.0000,-0.0016,0.0000,,3.1922,128.7325,128.7721,,-0.6727,45.7560,45.7609
14:09:59,90.8217,0.0477,-1.7055,1154.7030,50.0953,0.4131,False,,0.0000,-0.0016,0.0000,,3.1877,126.8970,126.9370,,-0.6772,45.2568,45.2619
14:09:59,90.8666,0.0449,-1.7022,1155.2600,50.0333,0.4037,False,,0.0000,-0.0016,0.0000,,3.1848,125.6742,125.7145,,-0.6801,44.9238,44.9290
14:09:59,90.9133,0.0467,-1.6989,1155.8150,49.9714,0.3924,False,,0.0000,-0.0017,0.0000,,3.1819,124.4520,124.4927,,-0.6829,44.5913,44.5965
14:09:59,90.9593,0.0460,-1.6955,1156.3700,49.9095,0.3793,False,,0.0000,-0.0019,0.0000,,3.1792,123.2306,123.2716,,-0.6857,44.2605,44.2658
14:09:59,91.0030,0.0437,-1.6906,1157.2000,49.8169,0.3557,False,,0.0000,-0.0022,0.0000,,3.1753,121.3997,121.4412,,-0.6896,43.7639,43.7694
14:09:59,91.0474,0.0445,-1.6874,1157.7530,49.7552,0.3378,False,,0.0000,-0.0022,0.0000,,3.1728,120.1799,120.2218,,-0.6920,43.4351,43.4406
14:09:59,91.0904,0.0429,-1.6844,1158.3060,49.6936,0.3185,False,,0.0000,-0.0022,0.0000,,3.1706,118.9608,119.0031,,-0.6943,43.1060,43.1116
14:09:59,91.1340,0.0437,-1.6814,1158.8570,49.6321,0.2979,False,,0.0000,-0.0022,0.0000,,3.1685,117.7424,117.7851,,-0.6964,42.7770,42.7827
14:09:59,91.1763,0.0423,-1.6785,1159.4080,49.5706,0.2763,False,,0.0000,-0.0022,0.0000,,3.1665,116.5248,116.5678,,-0.6983,42.4503,42.4561
14:09:59,91.2187,0.0424,-1.6758,1159.9590,49.5092,0.2540,False,,0.0000,-0.0022,0.0000,,3.1647,115.3077,115.3512,,-0.7001,42.1235,42.1294
14:09:59,91.2637,0.0450,-1.6720,1160.7830,49.4173,0.2194,False,,0.0000,-0.0022,0.0000,,3.1624,113.4835,113.5276,,-0.7024,41.6351,41.6411
14:09:59,91.3099,0.0461,-1.6697,1161.3310,49.3561,0.1961,False,,0.0000,-0.0020,0.0000,,3.1611,112.2682,112.3127,,-0.7038,41.3087,41.3147
14:09:59,91.3540,0.0441,-1.6675,1161.8790,49.2950,0.1733,False,,0.0000,-0.0017,0.0000,,3.1599,111.0536,111.0985,,-0.7050,40.9830,40.9891
14:09:59,91.4009,0.0470,-1.6645,1162.7000,49.2035,0.1413,False,,0.0000,-0.0014,0.0000,,3.1583,109.2329,109.2786,,-0.7066,40.4976,40.5037
14:10:00,91.4478,0.0469,-1.6627,1163.2460,49.1425,0.1213,False,,0.0000,-0.0014,0.0000,,3.1573,108.0199,108.0660,,-0.7075,40.1752,40.1814
14:10:00,91.4916,0.0437,-1.6611,1163.7920,49.0817,0.1020,False,,0.0000,-0.0014,0.0000,,3.1565,106.8076,106.8542,,-0.7083,39.8534,39.8597
14:10:00,91.5359,0.0443,-1.6597,1164.3360,49.0209,0.0834,False,,0.0000,-0.0014,0.0000,,3.1559,105.5961,105.6432,,-0.7090,39.5331,39.5394
14:10:00,91.5822,0.0463,-1.6579,1165.1520,48.9298,0.0565,False,,0.0000,-0.0014,0.0000,,3.1552,103.7799,103.8279,,-0.7097,39.0512,39.0576
14:10:00,91.6285,0.0463,-1.6568,1165.6950,48.8693,0.0391,False,,0.0000,-0.0014,0.0000,,3.1549,102.5701,102.6186,,-0.7099,38.7301,38.7366
14:10:00,91.6727,0.0442,-1.6560,1166.2380,48.8087,0.0220,False,,0.0000,-0.0014,0.0000,,3.1548,101.3608,101.4099,,-0.7100,38.4108,38.4173
14:10:00,91.7168,0.0441,-1.6553,1166.7800,48.7483,0.0051,False,,0.0000,-0.0014,0.0000,,3.1549,100.1522,100.2019,,-0.7100,38.0907,38.0973
14:10:00,91.7639,0.0471,-1.6546,1167.5910,48.6577,-0.0198,False,,0.0000,-0.0014,0.0000,,3.1552,98.3407,98.3913,,-0.7096,37.6130,37.6197
14:10:00,91.8091,0.0453,-1.6544,1168.1310,48.5974,-0.0362,False,,0.0000,-0.0014,0.0000,,3.1557,97.1338,97.1850,,-0.7092,37.2963,37.3030
14:10:00,91.8545,0.0454,-1.6543,1168.6710,48.5372,-0.0524,False,,0.0000,-0.0014,0.0000,,3.1563,95.9276,95.9795,,-0.7086,36.9817,36.9885
14:10:00,91.9008,0.0463,-1.6545,1169.4790,48.4471,-0.0765,False,,0.0000,-0.0014,0.0000,,3.1575,94.1195,94.1725,,-0.7074,36.5085,36.5154
14:10:00,91.9473,0.0465,-1.6548,1170.0170,48.3871,-0.0925,False,,0.0000,-0.0014,0.0000,,3.1585,92.9149,92.9686,,-0.7064,36.1931,36.2000
14:10:00,91.9899,0.0426,-1.6552,1170.5540,48.3271,-0.1084,False,,0.0000,-0.0014,0.0000,,3.1596,91.7111,91.7655,,-0.7053,35.8804,35.8873
14:10:00,92.0376,0.0476,-1.6558,1171.0900,48.2673,-0.1243,False,,0.0000,-0.0014,0.0000,,3.1609,90.5078,90.5630,,-0.7040,35.5668,35.5737
14:10:00,92.0814,0.0439,-1.6571,1171.8940,48.1776,-0.1479,False,,0.0000,-0.0014,0.0000,,3.1631,88.7042,88.7606,,-0.7018,35.0979,35.1049
14:10:00,92.1278,0.0464,-1.6581,1172.4280,48.1180,-0.1637,False,,0.0000,-0.0014,0.0000,,3.1648,87.5027,87.5599,,-0.7001,34.7870,34.7940
14:10:00,92.1738,0.0459,-1.6592,1172.9630,48.0584,-0.1794,False,,0.0000,-0.0014,0.0000,,3.1666,86.3018,86.3598,,-0.6983,34.4751,34.4822
14:10:00,92.2192,0.0454,-1.6605,1173.4960,47.9988,-0.1950,False,,0.0000,-0.0014,0.0000,,3.1686,85.1016,85.1605,,-0.6963,34.1649,34.1720
14:10:00,92.2646,0.0455,-1.6627,1174.2950,47.9097,-0.2184,False,,0.0000,-0.0014,0.0000,,3.1718,83.3025,83.3629,,-0.6931,33.7017,33.7088
14:10:00,92.3103,0.0457,-1.6644,1174.8270,47.8503,-0.2339,False,,0.0000,-0.0014,0.0000,,3.1741,82.1039,82.1652,,-0.6908,33.3917,33.3989
14:10:00,92.3567,0.0463,-1.6662,1175.3580,47.7910,-0.2495,False,,0.0000,-0.0014,0.0000,,3.1766,80.9060,80.9684,,-0.6883,33.0850,33.0921
14:10:00,92.4018,0.0451,-1.6692,1176.1540,47.7023,-0.2723,False,,0.0000,-0.0012,0.0000,,3.1805,79.1104,79.1743,,-0.6843,32.6243,32.6314
14:10:01,92.4478,0.0460,-1.6713,1176.6830,47.6432,-0.2868,False,,0.0000,-0.0011,0.0000,,3.1833,77.9141,77.9791,,-0.6816,32.3178,32.3249
14:10:01,92.4926,0.0449,-1.6736,1177.2120,47.5842,-0.3008,False,,0.0000,-0.0010,0.0000,,3.1862,76.7184,76.7845,,-0.6787,32.0127,32.0199
14:10:01,92.5363,0.0436,-1.6760,1177.7400,47.5252,-0.3141,False,,0.0000,-0.0010,0.0000,,3.1891,75.5234,75.5907,,-0.6757,31.7078,31.7150
14:10:01,92.5807,0.0445,-1.6799,1178.5310,47.4369,-0.3332,False,,0.0000,-0.0010,0.0000,,3.1938,73.7322,73.8013,,-0.6711,31.2517,31.2589
14:10:01,92.6475,0.0668,-1.6840,1179.3210,47.3488,-0.3514,False,,0.0000,-0.0010,0.0000,,3.1987,71.9424,72.0135,,-0.6662,30.7976,30.8048
14:10:01,92.6933,0.0458,-1.6869,1179.8470,47.2902,-0.3633,False,,0.0000,-0.0010,0.0000,,3.2021,70.7500,70.8224,,-0.6628,30.4952,30.5024
14:10:01,92.7376,0.0442,-1.6899,1180.3720,47.2316,-0.3750,False,,0.0000,-0.0010,0.0000,,3.2056,69.5582,69.6321,,-0.6593,30.1923,30.1995
14:10:01,92.7800,0.0424,-1.6930,1180.8960,47.1731,-0.3864,False,,0.0000,-0.0010,0.0000,,3.2092,68.3672,68.4425,,-0.6557,29.8919,29.8990
14:10:01,92.8236,0.0437,-1.6979,1181.6810,47.0854,-0.4034,False,,0.0000,-0.0010,0.0000,,3.2148,66.5818,66.6594,,-0.6501,29.4399,29.4471
14:10:01,92.8699,0.0462,-1.7013,1182.2040,47.0271,-0.4146,False,,0.0000,-0.0010,0.0000,,3.2187,65.3923,65.4715,,-0.6462,29.1379,29.1451
14:10:01,92.9132,0.0433,-1.7048,1182.7260,46.9689,-0.4257,False,,0.0000,-0.0010,0.0000,,3.2226,64.2035,64.2843,,-0.6422,28.8396,28.8468
14:10:01,92.9560,0.0428,-1.7084,1183.2470,46.9107,-0.4367,False,,0.0000,-0.0010,0.0000,,3.2267,63.0154,63.0979,,-0.6381,28.5415,28.5486
14:10:01,93.0029,0.0469,-1.7140,1184.0280,46.8235,-0.4531,False,,0.0000,-0.0010,0.0000,,3.2330,61.2344,61.3197,,-0.6318,28.0967,28.1038
14:10:01,93.0485,0.0456,-1.7178,1184.5480,46.7655,-0.4640,False,,0.0000,-0.0010,0.0000,,3.2373,60.0479,60.1351,,-0.6275,27.7999,27.8070
14:10:01,93.0909,0.0424,-1.7218,1185.0670,46.7076,-0.4748,False,,0.0000,-0.0010,0.0000,,3.2418,58.8619,58.9511,,-0.6231,27.5048,27.5118
14:10:01,93.1374,0.0465,-1.7259,1185.5860,46.6497,-0.4856,False,,0.0000,-0.0010,0.0000,,3.2463,57.6768,57.7680,,-0.6186,27.2101,27.2171
14:10:01,93.1830,0.0456,-1.7321,1186.3620,46.5630,-0.5017,False,,0.0000,-0.0010,0.0000,,3.2532,55.9002,55.9947,,-0.6116,26.7678,26.7748
14:10:01,93.2266,0.0436,-1.7364,1186.8790,46.5053,-0.5124,False,,0.0000,-0.0010,0.0000,,2.8482,54.7395,54.8136,,-0.6069,26.4745,26.4814
14:10:01,93.2710,0.0444,-1.7408,1187.3950,46.4477,-0.5231,False,,0.0000,-0.0010,0.0000,,2.8530,53.5564,53.6323,,-0.6020,26.1815,26.1884
14:10:01,93.3168,0.0458,-1.7453,1187.9110,46.3902,-0.5338,False,,0.0000,-0.0010,0.0000,,2.8579,52.3740,52.4519,,-0.5971,25.8884,25.8953
14:10:01,93.3596,0.0428,-1.7499,1188.4260,46.3327,-0.5445,False,,0.0000,-0.0010,0.0000,,2.8630,51.1923,51.2723,,-0.5921,25.5968,25.6037
14:10:01,93.4028,0.0432,-1.7569,1189.1970,46.2466,-0.5604,False,,0.0000,-0.0010,0.0000,,2.8707,49.4208,49.5041,,-0.5844,25.1605,25.1673
14:10:02,93.4478,0.0450,-1.7617,1189.7100,46.1893,-0.5710,False,,0.0000,-0.0010,0.0000,,2.8759,48.2406,48.3263,,-0.5791,24.8693,24.8760
14:10:02,93.4917,0.0439,-1.7666,1190.2230,46.1321,-0.5816,False,,0.0000,-0.0010,0.0000,,2.8813,47.0612,47.1493,,-0.5737,24.5811,24.5878
14:10:02,93.5357,0.0439,-1.7716,1190.7350,46.0749,-0.5922,False,,0.0000,-0.0010,0.0000,,2.8867,45.8822,45.9729,,-0.5683,24.2921,24.2988
14:10:02,93.5792,0.0436,-1.7767,1191.2470,46.0178,-0.6028,False,,0.0000,-0.0010,0.0000,,2.8922,44.7040,44.7974,,-0.5628,24.0023,24.0089
14:10:02,93.6256,0.0464,-1.7845,1192.0130,45.9323,-0.6186,False,,0.0000,-0.0010,0.0000,,2.9007,42.9377,43.0356,,-0.5543,23.5725,23.5790
14:10:02,93.6733,0.0476,-1.7898,1192.5220,45.8754,-0.6291,False,,0.0000,-0.0010,0.0000,,2.9064,41.7610,41.8620,,-0.5486,23.2853,23.2917
14:10:02,93.7171,0.0439,-1.7952,1193.0320,45.8185,-0.6396,False,,0.0000,-0.0010,0.0000,,2.9123,40.5851,40.6894,,-0.5427,22.9989,23.0053
14:10:02,93.7628,0.0457,-1.8034,1193.7940,45.7334,-0.6554,False,,0.0000,-0.0010,0.0000,,2.9212,38.8221,38.9319,,-0.5338,22.5717,22.5780
14:10:02,93.8086,0.0458,-1.8090,1194.3020,45.6767,-0.6658,False,,0.0000,-0.0010,0.0000,,2.9272,37.6476,37.7612,,-0.5277,22.2877,22.2940
14:10:02,93.8540,0.0454,-1.8147,1194.8090,45.6201,-0.6761,False,,0.0000,-0.0009,0.0000,,2.9334,36.4739,36.5916,,-0.5216,22.0046,22.0108
14:10:02,93.9012,0.0472,-1.8234,1195.5680,45.5354,-0.6898,False,,0.0000,-0.0004,0.0000,,2.9426,34.7142,34.8387,,-0.5124,21.5798,21.5859
14:10:02,93.9481,0.0469,-1.8292,1196.0740,45.4789,-0.6953,False,,0.0000,0.0012,0.0000,,2.9486,33.5420,33.6714,,-0.5063,21.2992,21.3052
14:10:02,93.9929,0.0448,-1.8349,1196.5790,45.4226,-0.6939,False,,0.0000,0.0032,0.0000,,2.9543,32.3705,32.5050,,-0.5006,21.0177,21.0237
14:10:02,94.0412,0.0483,-1.8433,1197.3350,45.3381,-0.6753,False,,0.0000,0.0048,0.0000,,2.9619,30.6144,30.7573,,-0.4931,20.5981,20.6041
14:10:02,94.0874,0.0462,-1.8486,1197.8380,45.2818,-0.6515,False,,0.0000,0.0060,0.0000,,2.9662,29.4445,29.5935,,-0.4888,20.3170,20.3229
14:10:02,94.1321,0.0446,-1.8538,1198.3410,45.2256,-0.6197,False,,0.0000,0.0061,0.0000,,2.9700,28.2754,28.4310,,-0.4850,20.0358,20.0416
14:10:02,94.1785,0.0464,-1.8587,1198.8430,45.1695,-0.5815,False,,0.0000,0.0061,0.0000,,2.9733,27.1068,27.2694,,-0.4817,19.7589,19.7648
14:10:02,94.2242,0.0458,-1.8656,1199.5930,44.9395,-0.5149,False,,0.0000,0.0061,0.0561,,2.9774,25.3566,25.5308,,-0.4776,19.3436,19.3495
14:10:02,94.2707,0.0465,-1.8698,1200.0900,44.6384,-0.4661,False,,0.0000,0.0061,0.1149,,2.9796,24.1931,24.3759,,-0.4755,19.0695,19.0754
14:10:02,94.3168,0.0460,-1.8737,1200.5830,44.2825,-0.4148,False,,0.0000,0.0061,0.1345,,2.9814,23.0336,23.2257,,-0.4737,18.8015,18.8075
14:10:02,94.3617,0.0449,-1.8789,1201.3150,43.7156,-0.3347,False,,0.0000,0.0061,0.1443,,2.9832,21.3021,21.5100,,-0.4719,18.4043,18.4104
14:10:02,94.4067,0.0450,-1.8819,1201.7980,43.3186,-0.2798,False,,0.0000,0.0061,0.1443,,2.6981,20.1935,20.3729,,-0.4713,18.1437,18.1498
14:10:03,94.4499,0.0432,-1.8845,1202.2760,42.9333,-0.2241,False,,0.0000,0.0061,0.1394,,2.6984,19.0491,19.2392,,-0.4710,17.8894,17.8956
14:10:03,94.4930,0.0431,-1.8867,1202.7490,42.5501,-0.1678,False,,0.0000,0.0061,0.1394,,2.6982,17.9089,18.1111,,-0.4712,17.6381,17.6444
14:10:03,94.5391,0.0461,-1.8885,1203.2190,42.1779,-0.1113,False,,0.0000,0.0061,0.1345,,2.6976,16.7728,16.9884,,-0.4719,17.3886,17.3950
14:10:03,94.5843,0.0452,-1.8903,1203.9160,41.6199,-0.0263,False,,0.0000,0.0061,0.1345,,2.6959,15.0765,15.3157,,-0.4736,17.0271,17.0337
14:10:03,94.6291,0.0448,-1.8910,1204.3750,41.2819,0.0304,False,,0.0000,0.0061,0.1198,,2.6942,13.9507,14.2085,,-0.4754,16.7921,16.7988
14:10:03,94.6762,0.0471,-1.8913,1204.8320,40.9958,0.0870,False,,0.0000,0.0061,0.0953,,2.6920,12.8281,13.1076,,-0.4775,16.5598,16.5667
14:10:03,94.7218,0.0456,-1.8908,1205.5110,40.6453,0.1718,False,,0.0000,0.0061,0.0659,,2.6880,11.1493,11.4687,,-0.4816,16.2169,16.2241
14:10:03,94.7691,0.0474,-1.8900,1205.9610,40.5016,0.2284,False,,0.0000,0.0061,0.0365,,2.6848,10.0326,10.3856,,-0.4848,15.9900,15.9973
14:10:03,94.8156,0.0464,-1.8887,1206.4100,40.3723,0.2850,False,,0.0000,0.0061,0.0316,,2.6811,8.9175,9.3118,,-0.4885,15.7626,15.7701
14:10:03,94.8615,0.0459,-1.8859,1207.0810,40.1824,0.3696,False,,0.0000,0.0060,0.0316,,2.6748,7.2472,7.7250,,-0.4949,15.4264,15.4343
14:10:03,94.9065,0.0451,-1.8835,1207.5260,39.9910,0.4254,False,,0.0000,0.0058,0.0659,,2.5205,6.1870,6.6807,,-0.4997,15.2034,15.2116
14:10:03,94.9525,0.0460,-1.8807,1207.9690,39.7718,0.4799,False,,0.0000,0.0055,0.0757,,2.3843,5.1355,5.6620,,-0.5048,14.9807,14.9892
14:10:03,94.9984,0.0459,-1.8776,1208.4090,39.5484,0.5325,False,,0.0000,0.0050,0.0757,,2.3790,4.0291,4.6790,,-0.5102,14.7639,14.7727
14:10:03,95.0445,0.0461,-1.8722,1209.0640,39.2158,0.6074,False,,0.0000,0.0048,0.0757,,1.9982,2.6217,3.2964,,-0.5188,14.4446,14.4539
14:10:03,95.0912,0.0467,-1.8681,1209.4980,38.9880,0.6552,False,,0.0000,0.0048,0.0757,,1.7811,1.6631,2.4368,,-0.5249,14.2345,14.2442
14:10:03,95.1375,0.0463,-1.8637,1209.9300,38.8469,0.7018,False,,0.0000,0.0048,0.0316,,1.6830,0.6359,1.7991,,-0.5313,14.0254,14.0355
14:10:03,95.1831,0.0456,-1.8563,1210.5760,38.7285,0.7700,False,,0.0000,0.0048,0.0000,,1.4352,0.1140,1.4397,,-0.5415,13.7142,13.7249
14:10:03,95.2287,0.0455,-1.8510,1211.0060,38.6857,0.8151,False,,0.0000,0.0050,0.0000,,1.3550,-0.0261,1.3553,,-0.5488,13.5078,13.5190
14:10:03,95.2743,0.0456,-1.8452,1211.4350,38.6394,0.8621,False,,0.0000,0.0062,0.0000,,1.2623,-0.0297,1.2627,,-0.5565,13.3007,13.3123
14:10:03,95.3210,0.0467,-1.8356,1212.0780,38.5687,0.9453,False,,0.0000,0.0091,0.0000,,3.2955,194.6400,194.6679,,-0.5696,12.9932,13.0057
14:10:03,95.3670,0.0460,-1.8285,1212.5060,38.5200,1.0157,False,,0.0000,0.0135,0.0000,,3.2853,193.5453,193.5732,,-0.5798,12.7878,12.8010
14:10:03,95.4143,0.0474,-1.8205,1212.9340,38.4711,1.1048,False,,0.0000,0.0174,0.0000,,3.2735,192.4509,192.4788,,-0.5916,12.5819,12.5958
14:10:04,95.4609,0.0466,-1.8068,1213.5740,38.3975,1.2794,False,,0.0000,0.0210,0.0000,,3.2524,190.8108,190.8385,,-0.4974,12.2831,12.2932
14:10:04,95.5081,0.0472,-1.7963,1214.0000,38.3484,1.4220,False,,0.0000,0.0238,0.0000,,3.2359,189.7181,189.7457,,-0.4591,12.0809,12.0897
14:10:04,95.5553,0.0472,-1.7847,1214.4260,38.2990,1.5858,False,,0.0000,0.0261,0.0000,,3.2173,188.6260,188.6534,,-0.4174,11.8798,11.8871
14:10:04,95.6000,0.0447,-1.7719,1214.8510,38.2495,1.7696,False,,0.0000,0.0278,0.0000,,3.1966,187.5345,187.5618,,-0.3729,11.6804,11.6864
14:10:04,95.6486,0.0486,-1.7501,1215.4870,38.1750,2.0793,False,,0.0000,0.0294,0.0000,,3.1617,185.8987,185.9256,,-0.2972,11.3792,11.3830
14:10:04,95.6933,0.0447,-1.7337,1215.9100,38.1254,2.3038,False,,0.0000,0.0301,0.0000,,3.1358,184.8088,184.8354,,-0.3230,11.1782,11.1829
14:10:04,95.7375,0.0441,-1.7159,1216.3330,38.0758,2.5392,False,,0.0000,0.0301,0.0000,,3.1080,183.7196,183.7459,,-0.3508,10.9777,10.9833
14:10:04,95.7818,0.0444,-1.6863,1216.9660,38.0014,2.9067,False,,0.0000,0.0301,0.0000,,3.0628,182.0872,182.1129,,-0.3959,10.6782,10.6856
14:10:04,95.8303,0.0485,-1.6646,1217.3870,37.9518,3.1575,False,,0.0000,0.0296,0.0000,,3.0304,180.9998,181.0251,,-0.4283,10.4789,10.4876
14:10:04,95.8772,0.0469,-1.6413,1217.8080,37.9026,3.4078,False,,0.0000,0.0278,0.0000,,2.9965,179.9130,179.9379,,-0.4622,10.2802,10.2905
14:10:04,95.9248,0.0476,-1.6036,1218.4390,37.9011,3.7689,False,,0.1639,0.0240,0.0000,,2.9435,178.2833,178.3076,,-0.5152,9.9841,9.9974
14:10:04,95.9719,0.0471,-1.5767,1218.8590,37.9685,3.9933,False,,0.3306,0.0191,0.0000,,2.9070,177.1965,177.2204,,-0.5517,9.7852,9.8007
14:10:04,96.0197,0.0478,-1.5484,1219.2810,38.0904,4.1964,False,,0.4776,0.0141,0.0000,,2.8701,176.1085,176.1319,,-0.5886,9.5864,9.6045
14:10:04,96.0658,0.0461,-1.5038,1219.9170,38.3033,4.4525,False,,0.5077,0.0091,0.0000,,2.8147,174.4736,174.4963,,-0.6441,9.2852,9.3075
14:10:04,96.1115,0.0457,-1.4728,1220.3430,38.5039,4.5906,False,,0.6743,0.0050,0.0000,,3.1841,173.3743,173.4035,,-0.6810,9.0807,9.1062
14:10:04,96.1591,0.0476,-1.4407,1220.7710,38.7380,4.7021,False,,0.7528,0.0022,0.0000,,3.1473,172.2786,172.3073,,-0.7178,8.8751,8.9041
14:10:04,96.2058,0.0467,-1.3909,1221.4190,39.1000,4.8220,False,,0.7479,-0.0004,0.0000,,3.0924,170.6304,170.6584,,-0.7727,8.5618,8.5966
14:10:04,96.2530,0.0472,-1.3567,1221.8540,39.3421,4.8736,False,,0.7430,-0.0030,0.0000,,3.0560,169.5282,169.5557,,-0.8091,8.3478,8.3869
14:10:04,96.2983,0.0452,-1.3220,1222.2920,39.5833,4.9025,False,,0.7430,-0.0053,0.0000,,3.0200,168.4237,168.4508,,-0.8451,8.1345,8.1783
14:10:04,96.3452,0.0469,-1.2689,1222.9530,39.9445,4.9070,False,,0.7430,-0.0070,0.0000,,2.9668,166.7618,166.7882,,-0.8983,7.8066,7.8582
14:10:04,96.3933,0.0481,-1.2331,1223.3980,40.1848,4.8878,False,,0.7430,-0.0083,0.0000,,2.9318,165.6508,165.6767,,-0.9333,7.5848,7.6420
14:10:05,96.4389,0.0457,-1.1971,1223.8450,40.4248,4.8525,False,,0.7430,-0.0093,0.0000,,2.8973,164.5371,164.5626,,-0.9678,7.3618,7.4252
14:10:05,96.4860,0.0471,-1.1428,1224.5210,40.7843,4.7717,False,,0.7430,-0.0107,0.0000,,2.8465,162.8618,162.8867,,-1.0186,7.0210,7.0945
14:10:05,96.5346,0.0486,-1.1067,1224.9740,41.0235,4.7011,False,,0.7430,-0.0118,0.0000,,2.8133,161.7416,161.7660,,-1.0518,6.7910,6.8720
14:10:05,96.5800,0.0454,-1.0707,1225.4310,41.2623,4.6191,False,,0.7430,-0.0120,0.0000,,2.7808,160.6188,160.6428,,-1.0843,6.5582,6.6473
14:10:05,96.6246,0.0446,-1.0170,1226.1200,41.6201,4.4797,False,,0.7430,-0.0120,0.0000,,2.3266,158.9357,158.9527,,-1.1321,6.2058,6.3082
14:10:05,96.6695,0.0449,-0.9815,1226.5830,41.8581,4.3783,False,,0.7430,-0.0120,0.0000,,2.2955,157.8057,157.8224,,-1.1632,5.9661,6.0784
14:10:05,96.7166,0.0471,-0.9465,1227.0490,42.0958,4.2717,False,,0.7430,-0.0120,0.0000,,2.2649,156.6729,156.6892,,-1.1938,5.7238,5.8469
14:10:05,96.7619,0.0453,-0.8947,1227.7530,42.4517,4.1043,False,,0.7430,-0.0120,0.0000,,2.2202,154.9686,154.9845,,-1.2385,5.3567,5.4980
14:10:05,96.8076,0.0457,-0.8608,1228.2250,42.6885,3.9886,False,,0.7430,-0.0120,0.0000,,2.1913,153.8290,153.8446,,-1.2320,5.1168,5.2630
14:10:05,96.8497,0.0420,-0.8274,1228.7000,42.9250,3.8704,False,,0.7430,-0.0120,0.0000,,2.1629,152.6868,152.7021,,-1.2366,4.8724,5.0269
14:10:05,96.8957,0.0460,-0.7947,1229.1780,43.1611,3.7501,False,,0.7430,-0.0120,0.0000,,2.1353,151.5419,151.5569,,-1.2554,4.6217,4.7892
14:10:05,96.9412,0.0455,-0.7470,1229.9000,43.5125,3.5663,False,,0.7381,-0.0120,0.0000,,2.0954,149.8196,149.8342,,-1.2954,4.2341,4.4279
14:10:05,96.9868,0.0456,-0.7160,1230.3840,43.7458,3.4420,False,,0.7381,-0.0120,0.0000,,2.0697,148.6680,148.6824,,-1.3211,3.9751,4.1889
14:10:05,97.0335,0.0467,-0.6858,1230.8710,43.9775,3.3164,False,,0.7331,-0.0119,0.0000,,2.0448,147.5139,147.5281,,-1.3460,3.7123,3.9488
14:10:05,97.0801,0.0466,-0.6420,1231.6070,44.3194,3.1286,False,,0.7233,-0.0113,0.0000,,2.0090,145.7778,145.7917,,-1.3819,3.3116,3.5884
14:10:05,97.1286,0.0484,-0.6137,1232.1000,44.5447,3.0066,False,,0.7184,-0.0097,0.0000,,1.9859,144.6173,144.6310,,-1.4051,3.0431,3.3518
14:10:05,97.1751,0.0465,-0.5862,1232.5960,44.7668,2.8918,False,,0.7086,-0.0076,0.0000,,1.9632,143.4543,143.4678,,-1.4278,2.7709,3.1171
14:10:05,97.2220,0.0469,-0.5460,1233.3450,45.0977,2.7385,False,,0.7086,-0.0055,0.0000,,1.9296,141.7052,141.7183,,-1.3535,2.4125,2.7662
14:10:05,97.2689,0.0470,-0.5200,1233.8470,45.3165,2.6487,False,,0.7037,-0.0045,0.0000,,1.9074,140.5360,140.5490,,-1.3489,2.1483,2.5367
14:10:05,97.3141,0.0451,-0.4946,1234.3520,45.5345,2.5672,False,,0.7037,-0.0044,0.0000,,1.8854,139.3643,139.3770,,-1.2911,1.9216,2.3151
14:10:05,97.3600,0.0459,-0.4698,1234.8590,45.7521,2.4923,False,,0.7037,-0.0044,0.0000,,1.8638,138.1902,138.2028,,-1.1721,1.7360,2.0946
14:10:05,97.4076,0.0476,-0.4338,1235.6250,46.0780,2.3883,False,,0.7037,-0.0047,0.0000,,1.8322,136.4246,136.4369,,-1.1604,1.3374,1.7706
14:10:06,97.4539,0.0463,-0.4105,1236.1380,46.2949,2.3210,False,,0.7037,-0.0058,0.0000,,1.8118,135.2444,135.2565,,-1.1811,1.0483,1.5792
14:10:06,97.5016,0.0477,-0.3770,1236.9120,46.6196,2.2141,False,,0.7037,-0.0076,0.0000,,1.7828,133.4695,133.4814,,-1.2106,0.6101,1.3557
14:10:06,97.5483,0.0468,-0.3555,1237.4320,46.8356,2.1360,False,,0.7037,-0.0091,0.0000,,1.7646,132.2833,132.2951,,-1.2240,0.3374,1.2696
14:10:06,97.5965,0.0482,-0.3348,1237.9540,47.0512,2.0507,False,,0.7037,-0.0099,0.0000,,1.7476,131.0946,131.1062,,-1.1885,0.2712,1.2190
14:10:06,97.6445,0.0479,-0.3051,1238.7410,47.3660,1.9107,False,,0.6841,-0.0102,0.0000,,1.7239,129.3073,129.3187,,-1.1610,0.1506,1.1707
14:10:06,97.6911,0.0466,-0.2864,1239.2680,47.5506,1.8110,False,,0.5910,-0.0102,0.0000,,1.7093,128.1127,128.1241,,-1.1392,0.1458,1.1485
14:10:06,97.7359,0.0448,-0.2684,1239.7980,47.6897,1.7077,False,,0.4580,-0.0102,0.0000,,1.6958,126.9165,126.9278,,-1.1201,0.0873,1.1235
14:10:06,97.7822,0.0463,-0.2431,1240.5930,47.7115,1.5473,False,,0.0855,-0.0104,0.0000,,1.6772,125.1211,125.1323,,-1.1137,0.0358,1.1142
14:10:06,97.8305,0.0483,-0.2273,1241.1220,47.6644,1.4372,False,,0.0000,-0.0109,0.0000,,1.6662,123.9247,123.9359,,-1.1218,0.0225,1.1221
14:10:06,97.8768,0.0463,-0.2125,1241.6510,47.6051,1.3238,False,,0.0000,-0.0116,0.0000,,1.6562,122.7289,122.7401,,-1.1416,-0.0068,1.1416
14:10:06,97.9216,0.0448,-0.1923,1242.4430,47.5154,1.1459,False,,0.0000,-0.0123,0.0000,,1.6436,120.9365,120.9477,,-1.1614,-0.0105,1.1614
14:10:06,97.9689,0.0473,-0.1802,1242.9710,47.4555,1.0220,False,,0.0000,-0.0128,0.0000,,1.6367,119.7423,119.7535,,-1.1731,-0.0132,1.1732
14:10:06,98.0154,0.0465,-0.1692,1243.4970,47.3957,0.8940,False,,0.0000,-0.0131,0.0000,,1.6311,118.5487,118.5599,,-1.1837,-0.0160,1.1838
14:10:06,98.0623,0.0469,-0.1547,1244.2860,47.3060,0.6961,False,,0.0000,-0.0131,0.0000,,1.6251,116.7596,116.7710,,-2.2400,96.0742,96.1003
14:10:06,98.1107,0.0485,-0.1465,1244.8110,47.2463,0.5612,False,,0.0000,-0.0131,0.0000,,1.6226,115.5677,115.5791,,-2.2425,95.7728,95.7991
14:10:06,98.1968,0.0861,-0.1336,1245.8590,47.1270,0.2865,False,,0.0000,-0.0131,0.0000,,1.6214,113.1860,113.1976,,-2.2437,95.1703,95.1967
14:10:06,98.2520,0.0551,-0.1270,1246.6440,47.0377,0.0775,False,,0.0000,-0.0131,0.0000,,1.6237,111.4015,111.4133,,-2.2414,94.7212,94.7477
14:10:06,98.3016,0.0496,-0.1232,1247.4270,46.9485,-0.1330,False,,0.0000,-0.0131,0.0000,,1.6289,109.6184,109.6305,,-2.2362,94.2739,94.3005
14:10:06,98.3520,0.0505,-0.1222,1247.9480,46.8890,-0.2738,False,,0.0000,-0.0131,0.0000,,1.6339,108.4305,108.4428,,-2.2312,93.9763,94.0028
14:10:06,98.4002,0.0482,-0.1230,1248.7280,46.8000,-0.4855,False,,0.0000,-0.0130,0.0000,,1.6437,106.6499,106.6626,,-2.2214,93.5311,93.5575
14:10:07,98.4453,0.0451,-0.1251,1249.2480,46.7407,-0.6268,False,,0.0000,-0.0130,0.0000,,1.6518,105.4637,105.4767,,-2.2133,93.2357,93.2620
14:10:07,98.4916,0.0463,-0.1285,1249.7670,46.6815,-0.7681,False,,0.0000,-0.0130,0.0000,,1.6611,104.2782,104.2914,,-2.2040,92.9397,92.9658
14:10:07,98.5395,0.0479,-0.1331,1250.2850,46.6224,-0.9091,False,,0.0000,-0.0128,0.0000,,1.6717,103.0934,103.1069,,-2.1934,92.6451,92.6711
14:10:07,98.5869,0.0474,-0.1423,1251.0610,46.5338,-1.1188,False,,0.0000,-0.0126,0.0000,,1.6899,101.3174,101.3315,,-2.1753,92.2041,92.2298
14:10:07,98.6349,0.0480,-0.1499,1251.5770,46.4750,-1.2561,False,,0.0000,-0.0117,0.0000,,1.7033,100.1343,100.1488,,-2.1618,91.9110,91.9364
14:10:07,98.6812,0.0463,-0.1636,1252.3510,46.3870,-1.4545,False,,0.0000,-0.0107,0.0000,,1.7254,98.3608,98.3760,,-2.1397,91.4730,91.4981
14:10:07,98.7295,0.0483,-0.1741,1252.8660,46.3285,-1.5811,False,,0.0000,-0.0099,0.0000,,1.7413,97.1794,97.1951,,-2.1238,91.1809,91.2056
14:10:07,98.7766,0.0471,-0.1858,1253.3800,46.2701,-1.7028,False,,0.0000,-0.0096,0.0000,,1.7581,95.9987,96.0148,,-2.1070,90.8906,90.9150
14:10:07,98.8219,0.0453,-0.2052,1254.1500,46.1828,-1.8768,False,,0.0000,-0.0091,0.0000,,1.7850,94.2289,94.2458,,-2.0801,90.4565,90.4805
14:10:07,98.8710,0.0491,-0.2195,1254.6620,46.1246,-1.9877,False,,0.0000,-0.0089,0.0000,,1.8040,93.0498,93.0673,,-2.0611,90.1685,90.1920
14:10:07,98.9181,0.0471,-0.2348,1255.1740,46.0666,-2.0948,False,,0.0000,-0.0086,0.0000,,1.8238,91.8715,91.8896,,-2.0413,89.8798,89.9029
14:10:07,98.9652,0.0471,-0.2595,1255.9400,45.9798,-2.2488,False,,0.0000,-0.0084,0.0000,,1.8552,90.1052,90.1243,,-2.0100,89.4482,89.4708
14:10:07,99.0132,0.0480,-0.2773,1256.4510,45.9221,-2.3479,False,,0.0000,-0.0083,0.0000,,1.8771,88.9285,88.9483,,-1.9880,89.1613,89.1834
14:10:07,99.0576,0.0444,-0.2959,1256.9600,45.8644,-2.4444,False,,0.0000,-0.0081,0.0000,,1.8998,87.7526,87.7731,,-1.9653,88.8728,88.8945
14:10:07,99.1057,0.0482,-0.3256,1257.7230,45.7782,-2.5845,False,,0.0000,-0.0079,0.0000,,1.5251,85.9978,86.0113,,-1.9296,88.4349,88.4560
14:10:07,99.1537,0.0480,-0.3464,1258.2310,45.7208,-2.6746,False,,0.0000,-0.0074,0.0000,,1.5497,84.8229,84.8370,,-1.9050,88.1516,88.1722
14:10:07,99.2044,0.0506,-0.3792,1258.9910,45.6350,-2.8033,False,,0.0000,-0.0068,0.0000,,1.5880,83.0617,83.0768,,-1.8667,87.7363,87.7562
14:10:07,99.2525,0.0482,-0.4020,1259.4970,45.5780,-2.8839,False,,0.0000,-0.0058,0.0000,,1.6142,81.8884,81.9043,,-1.8405,87.4530,87.4724
14:10:07,99.3006,0.0481,-0.4375,1260.2550,45.4928,-2.9940,False,,0.0000,-0.0048,0.0000,,1.6543,80.1299,80.1470,,-1.8004,87.0270,87.0456
14:10:07,99.3484,0.0478,-0.4619,1260.7590,45.4361,-3.0598,False,,0.0000,-0.0037,0.0000,,1.6815,78.9585,78.9764,,-1.7732,86.7470,86.7651
14:10:07,99.3932,0.0448,-0.4869,1261.2630,45.3795,-3.1191,False,,0.0000,-0.0032,0.0000,,1.7091,77.7876,77.8064,,-1.7456,86.4664,86.4841
14:10:08,99.4393,0.0461,-0.5125,1261.7660,45.3230,-3.1715,False,,0.0000,-0.0022,0.0000,,1.7368,76.6176,76.6372,,-1.7179,86.1854,86.2026
14:10:08,99.4848,0.0454,-0.5516,1262.5200,45.2385,-3.2358,False,,0.0000,-0.0012,0.0000,,1.7787,74.8638,74.8849,,-1.6760,85.7671,85.7835
14:10:08,99.5342,0.0494,-0.5782,1263.0210,45.1823,-3.2691,False,,0.0000,0.0000,0.0000,,1.8067,73.6954,73.7176,,-1.6480,85.4882,85.5040
14:10:08,99.5795,0.0453,-0.6050,1263.5220,45.1263,-3.2912,False,,0.0000,0.0026,0.0000,,1.8344,72.5277,72.5509,,-1.6202,85.2123,85.2277
14:10:08,99.6244,0.0449,-0.6454,1264.2720,45.0423,-3.2979,False,,0.0000,0.0053,0.0000,,1.8752,70.7773,70.8022,,-1.5795,84.7971,84.8118
14:10:08,99.6718,0.0474,-0.6724,1264.7710,44.9863,-3.2834,False,,0.0000,0.0078,0.0000,,1.9015,69.6115,69.6374,,-1.5532,84.5216,84.5359
14:10:08,99.7169,0.0451,-0.6992,1265.2700,44.9304,-3.2521,False,,0.0000,0.0097,0.0000,,1.9270,68.4462,68.4733,,-1.5277,84.2471,84.2609
14:10:08,99.7606,0.0438,-0.7390,1266.0170,44.8466,-3.1765,False,,0.0000,0.0107,0.0000,,1.9636,66.6996,66.7285,,-1.4911,83.8344,83.8476
14:10:08,99.8082,0.0475,-0.7651,1266.5140,44.7908,-3.1104,False,,0.0000,0.0109,0.0000,,1.9869,65.5360,65.5661,,-1.4678,83.5603,83.5732
14:10:08,99.8547,0.0466,-0.7909,1267.0100,44.7351,-3.0346,False,,0.0000,0.0109,0.0000,,2.0095,64.3732,64.4045,,-1.4452,83.2871,83.2996
14:10:08,99.8980,0.0433,-0.8163,1267.5060,44.6794,-2.9511,False,,0.0000,0.0109,0.0000,,2.0313,63.2108,63.2435,,-1.4234,83.0136,83.0258
14:10:08,99.9425,0.0445,-0.8534,1268.2490,44.5960,-2.8147,False,,0.0000,0.0109,0.0000,,2.0627,61.4686,61.5032,,-1.3920,82.6056,82.6173
14:10:08,99.9874,0.0449,-0.8775,1268.7440,44.5404,-2.7182,False,,0.0000,0.0109,0.0000,,2.0826,60.3079,60.3438,,-1.3721,82.3341,82.3455
14:10:08,100.0355,0.0480,-0.9009,1269.2380,44.4849,-2.6182,False,,0.0000,0.0109,0.0000,,2.1018,59.1477,59.1850,,-1.3529,82.0619,82.0730
14:10:08,100.0828,0.0474,-0.9348,1269.9770,44.4016,-2.4634,False,,0.0000,0.0109,0.0000,,2.1292,57.4087,57.4482,,-1.3256,81.6577,81.6685
14:10:08,100.1282,0.0453,-0.9564,1270.4700,44.3461,-2.3578,False,,0.0000,0.0109,0.0000,,2.1464,56.2500,56.2909,,-1.3084,81.3876,81.3981
14:10:08,100.1757,0.0476,-0.9773,1270.9620,44.2906,-2.2508,False,,0.0000,0.0109,0.0000,,2.1627,55.0920,55.1345,,-1.2921,81.1187,81.1289
14:10:08,100.2222,0.0464,-1.0071,1271.6980,44.2074,-2.0881,False,,0.0000,0.0110,0.0000,,2.1857,53.3562,53.4010,,-1.2692,80.7168,80.7268
14:10:08,100.2701,0.0480,-1.0260,1272.1890,44.1520,-1.9786,False,,0.0000,0.0110,0.0000,,2.1999,52.1997,52.2460,,-1.2550,80.4481,80.4579
14:10:08,100.3171,0.0470,-1.0439,1272.6780,44.0967,-1.8684,False,,0.0000,0.0110,0.0000,,2.2131,51.0437,51.0917,,-1.2417,80.1823,80.1919
14:10:08,100.3625,0.0454,-1.0692,1273.4120,44.0137,-1.7018,False,,0.0000,0.0111,0.0000,,2.2313,49.3110,49.3615,,-1.2236,79.7828,79.7922
14:10:08,100.4118,0.0493,-1.0849,1273.9000,43.9585,-1.5899,False,,0.0000,0.0111,0.0000,,2.2423,48.1565,48.2087,,-1.2126,79.5189,79.5282
14:10:09,100.4602,0.0484,-1.1067,1274.6320,43.8758,-1.4232,False,,0.0000,0.0106,0.0000,,2.2571,46.4262,46.4810,,-1.1979,79.1226,79.1316
14:10:09,100.5082,0.0480,-1.1202,1275.1190,43.8209,-1.3168,False,,0.0000,0.0082,0.0000,,2.2661,45.2731,45.3298,,-1.1889,78.8591,78.8681
14:10:09,100.5553,0.0471,-1.1330,1275.6050,43.7662,-1.2205,False,,0.0000,0.0052,0.0000,,2.2748,44.1207,44.1793,,-1.1802,78.5969,78.6058
14:10:09,100.6013,0.0460,-1.1510,1276.3330,43.6844,-1.0984,False,,0.0000,0.0035,0.0000,,2.2877,42.3929,42.4546,,-1.1674,78.2024,78.2111
14:10:09,100.6480,0.0467,-1.1622,1276.8180,43.6300,-1.0293,False,,0.0000,0.0034,0.0000,,2.2959,41.2419,41.3058,,-1.1592,77.9409,77.9495
14:10:09,100.6978,0.0498,-1.1727,1277.3020,43.5756,-0.9676,False,,0.0000,0.0034,0.0000,,2.3039,40.0913,40.1575,,-1.1512,77.6802,77.6887
14:10:09,100.7456,0.0478,-1.1874,1278.0270,43.4942,-0.8854,False,,0.0000,0.0034,0.0000,,2.3151,38.3665,38.4362,,-1.1400,77.2882,77.2966
14:10:09,100.7927,0.0471,-1.1965,1278.5100,43.4400,-0.8360,False,,0.0000,0.0034,0.0000,,2.3221,37.2173,37.2897,,-1.1331,77.0297,77.0380
14:10:09,100.8359,0.0432,-1.2050,1278.9920,43.3859,-0.7897,False,,0.0000,0.0034,0.0000,,2.3287,36.0687,36.1438,,-1.1265,76.7706,76.7789
14:10:09,100.8804,0.0445,-1.2169,1279.7140,43.3049,-0.7248,False,,0.0000,0.0034,0.0000,,2.3378,34.3469,34.4264,,-1.1174,76.3826,76.3907
14:10:09,100.9270,0.0466,-1.2242,1280.1950,43.2511,-0.6838,False,,0.0000,0.0034,0.0000,,2.3434,33.1998,33.2824,,-1.1119,76.1256,76.1337
14:10:09,100.9730,0.0460,-1.2310,1280.6750,43.1973,-0.6442,False,,0.0000,0.0034,0.0000,,2.3485,32.0532,32.1391,,-1.1067,75.8680,75.8761
14:10:09,101.0802,0.1071,-1.2493,1282.0650,40.3480,-0.5651,False,,0.5000,0.0000,0.5000,,2.3635,28.6638,28.7611,,-1.0918,75.1476,75.1555
